,_id,CH_SYMBOL,CH_SERIES,CH_MARKET_TYPE,CH_TRADE_HIGH_PRICE,CH_TRADE_LOW_PRICE,CH_OPENING_PRICE,CH_CLOSING_PRICE,CH_LAST_TRADED_PRICE,CH_PREVIOUS_CLS_PRICE,CH_TOT_TRADED_QTY,CH_TOT_TRADED_VAL,CH_52WEEK_HIGH_PRICE,CH_52WEEK_LOW_PRICE,CH_TOTAL_TRADES,CH_ISIN,CH_TIMESTAMP,TIMESTAMP,createdAt,updatedAt,__v,VWAP,mTIMESTAMP,CA,symChange
0,616eb37e2137b10008e72eb0,YAARII,EQ,N,106.5,100.05,104.45,100.9,100.15,104.35,174152,18016356.15,183.45,45.05,1834,INE126M01010,2021-10-19,2021-10-18T18:30:00.000Z,2021-10-19T12:01:02.799Z,2021-10-19T12:01:02.799Z,0,103.45,19-Oct-2021,,
1,61700bedffea140009a39fdd,YAARII,EQ,N,101.75,96.55,100.9,98.7,98.0,100.9,103700,10247104.3,183.45,45.05,1390,INE126M01010,2021-10-20,2021-10-19T18:30:00.000Z,2021-10-20T12:30:37.894Z,2021-10-20T12:30:37.894Z,0,98.81,20-Oct-2021,,
2,61715662facf5c0008bb1688,YAARII,EQ,N,100.95,93.8,99.0,98.6,98.1,98.7,120176,11855599.55,183.45,45.05,1211,INE126M01010,2021-10-21,2021-10-20T18:30:00.000Z,2021-10-21T12:00:34.090Z,2021-10-21T12:00:34.090Z,0,98.65,21-Oct-2021,,
3,6172a8052dc18f00080fe81e,YAARII,EQ,N,99.6,96.0,99.35,96.95,96.65,98.6,74977,7334725.2,183.45,45.05,1128,INE126M01010,2021-10-22,2021-10-21T18:30:00.000Z,2021-10-22T12:01:09.080Z,2021-10-22T12:01:09.080Z,0,97.83,22-Oct-2021,,
4,61769c5cdb443b0008c8e55c,YAARII,EQ,N,98.85,93.0,98.85,94.5,93.0,96.95,82280,7853298.25,183.45,50.1,1143,INE126M01010,2021-10-25,2021-10-24T18:30:00.000Z,2021-10-25T12:00:28.465Z,2021-10-25T12:00:28.465Z,0,95.45,25-Oct-2021,,
5,6177edff2ed3fb00087deb96,YAARII,EQ,N,99.0,93.0,93.0,98.05,96.6,94.5,79416,7698505.75,183.45,50.1,1277,INE126M01010,2021-10-26,2021-10-25T18:30:00.000Z,2021-10-26T12:01:03.722Z,2021-10-26T12:01:03.722Z,0,96.94,26-Oct-2021,,
6,61793f857220a800093c6898,YAARII,EQ,N,99.8,96.05,98.6,97.55,99.5,98.05,71448,6975674.4,183.45,50.1,1191,INE126M01010,2021-10-27,2021-10-26T18:30:00.000Z,2021-10-27T12:01:09.113Z,2021-10-27T12:01:09.113Z,0,97.63,27-Oct-2021,,
7,617a90e3b698860008b70816,YAARII,EQ,N,98.4,94.0,97.4,94.85,94.45,97.55,104530,10061652.4,183.45,50.1,1106,INE126M01010,2021-10-28,2021-10-27T18:30:00.000Z,2021-10-28T12:00:35.364Z,2021-10-28T12:00:35.364Z,0,96.26,28-Oct-2021,,
8,613f3d5c66f15f000839450f,YAARII,EQ,N,113.4,106.4,113.4,107.8,108.0,110.3,219201,23847953.05,183.45,37.8,2116,INE126M01010,2021-09-13,2021-09-12T18:30:00.000Z,2021-09-13T12:00:28.272Z,2021-09-13T12:00:28.272Z,0,108.79,13-Sep-2021,,
9,61408f018b051b0009544f60,YAARII,EQ,N,113.15,107.0,108.45,109.75,110.0,107.8,518814,57522739.7,183.45,37.8,3224,INE126M01010,2021-09-14,2021-09-13T18:30:00.000Z,2021-09-14T12:01:05.097Z,2021-09-14T12:01:05.097Z,0,110.87,14-Sep-2021,,
10,6141e06352f3510008866c3a,YAARII,EQ,N,115.0,110.0,112.0,113.0,113.95,109.75,217201,24553660.8,183.45,37.8,2155,INE126M01010,2021-09-15,2021-09-14T18:30:00.000Z,2021-09-15T12:00:35.791Z,2021-09-15T12:00:35.791Z,0,113.05,15-Sep-2021,,
11,614331dc4189570008859911,YAARII,EQ,N,117.7,107.5,113.75,110.0,108.25,113.0,359458,40659155.3,183.45,37.8,4391,INE126M01010,2021-09-16,2021-09-15T18:30:00.000Z,2021-09-16T12:00:28.361Z,2021-09-16T12:00:28.361Z,0,113.11,16-Sep-2021,,
12,6144837f7f66a4000875526b,YAARII,EQ,N,109.95,104.5,109.85,104.5,104.5,110.0,236286,25038596.95,183.45,37.8,3740,INE126M01010,2021-09-17,2021-09-16T18:30:00.000Z,2021-09-17T12:01:03.091Z,2021-09-17T12:01:03.091Z,0,105.97,17-Sep-2021,,
13,614877e3e0fcf60008e5122e,YAARII,EQ,N,105.7,100.1,103.0,100.55,100.1,104.5,93746,9607555.35,183.45,37.8,1741,INE126M01010,2021-09-20,2021-09-19T18:30:00.000Z,2021-09-20T12:00:35.577Z,2021-09-20T12:00:35.577Z,0,102.48,20-Sep-2021,,
14,6149c97fbf6def0009839c0f,YAARII,EQ,N,100.9,96.75,98.0,99.25,100.2,100.55,149712,14732544.3,183.45,37.8,1884,INE126M01010,2021-09-21,2021-09-20T18:30:00.000Z,2021-09-21T12:01:03.124Z,2021-09-21T12:01:03.124Z,0,98.41,21-Sep-2021,,
15,614b1b01f6172a0008df4693,YAARII,EQ,N,103.0,97.05,99.3,99.05,97.8,99.25,152536,15296501.6,183.45,37.8,1697,INE126M01010,2021-09-22,2021-09-21T18:30:00.000Z,2021-09-22T12:01:05.029Z,2021-09-22T12:01:05.029Z,0,100.28,22-Sep-2021,,
16,614c6c66a3bb370008f1053c,YAARII,EQ,N,102.4,99.5,100.3,101.45,101.1,99.05,58554,5909535.5,183.45,37.8,1117,INE126M01010,2021-09-23,2021-09-22T18:30:00.000Z,2021-09-23T12:00:38.133Z,2021-09-23T12:00:38.133Z,0,100.92,23-Sep-2021,"[{'symbol': 'YAARII', 'series': 'EQ', 'ind': '-', 'faceVal': '2', 'subject': ' Annual General Meeting', 'exDate': '23-Sep-2021', 'recDate': '-', 'bcStartDate': '27-Sep-2021', 'bcEndDate': '30-Sep-2021', 'ndStartDate': '-', 'comp': 'Yaarii Digital Integrated Services Limited', 'isin': 'INE126M01010', 'ndEndDate': '-', 'caBroadcastDate': None}]",
17,614dbde485b99100093149af,YAARII,EQ,N,102.35,99.0,101.0,100.1,100.5,101.45,78067,7808204.95,183.45,37.8,1268,INE126M01010,2021-09-24,2021-09-23T18:30:00.000Z,2021-09-24T12:00:36.356Z,2021-09-24T12:00:36.356Z,0,100.02,24-Sep-2021,,
18,6151b281c3f15b0008afe857,YAARII,EQ,N,103.05,97.7,100.25,99.2,99.9,100.1,63014,6267018.95,183.45,37.8,1078,INE126M01010,2021-09-27,2021-09-26T18:30:00.000Z,2021-09-27T12:01:05.323Z,2021-09-27T12:01:05.323Z,0,99.45,27-Sep-2021,,
19,615304064a501f0008b258df,YAARII,EQ,N,100.65,97.5,99.55,99.4,98.5,99.2,63211,6285791.15,183.45,37.8,928,INE126M01010,2021-09-28,2021-09-27T18:30:00.000Z,2021-09-28T12:01:10.632Z,2021-09-28T12:01:10.632Z,0,99.44,28-Sep-2021,,
20,615455824a501f0008e4d079,YAARII,EQ,N,101.0,98.0,99.45,98.8,99.3,99.4,58757,5828114.1,183.45,37.8,920,INE126M01010,2021-09-29,2021-09-28T18:30:00.000Z,2021-09-29T12:01:06.547Z,2021-09-29T12:01:06.547Z,0,99.19,29-Sep-2021,,
21,6155a6ff595682000817639a,YAARII,EQ,N,100.65,97.7,99.8,98.45,98.6,98.8,63996,6314986.4,183.45,37.8,782,INE126M01010,2021-09-30,2021-09-29T18:30:00.000Z,2021-09-30T12:01:03.455Z,2021-09-30T12:01:03.455Z,0,98.68,30-Sep-2021,,
22,6156f85c00c38500086c2cf6,YAARII,EQ,N,100.0,97.8,99.5,98.4,98.0,98.45,37646,3712972.3,183.45,37.8,767,INE126M01010,2021-10-01,2021-09-30T18:30:00.000Z,2021-10-01T12:00:28.351Z,2021-10-01T12:00:28.351Z,0,98.63,01-Oct-2021,,
23,615aecff00c38500088df93d,YAARII,EQ,N,103.3,99.0,99.0,100.85,100.15,98.4,95123,9622602.55,183.45,39.0,1506,INE126M01010,2021-10-04,2021-10-03T18:30:00.000Z,2021-10-04T12:01:03.240Z,2021-10-04T12:01:03.240Z,0,101.16,04-Oct-2021,,
24,615c3e681728530008f0b21b,YAARII,EQ,N,103.0,100.05,100.15,100.65,101.8,100.85,75027,7614266.55,183.45,41.75,1024,INE126M01010,2021-10-05,2021-10-04T18:30:00.000Z,2021-10-05T12:00:40.506Z,2021-10-05T12:00:40.506Z,0,101.49,05-Oct-2021,,
25,615d8fe17c2c3b00089ffd23,YAARII,EQ,N,105.65,101.0,101.0,103.85,103.55,100.65,246280,25760998.1,183.45,41.75,1900,INE126M01010,2021-10-06,2021-10-05T18:30:00.000Z,2021-10-06T12:00:33.773Z,2021-10-06T12:00:33.773Z,0,104.6,06-Oct-2021,,
26,615ee161c7aa980008977e87,YAARII,EQ,N,105.8,102.1,104.6,102.6,102.1,103.85,110776,11522148.25,183.45,41.75,1486,INE126M01010,2021-10-07,2021-10-06T18:30:00.000Z,2021-10-07T12:00:33.454Z,2021-10-07T12:00:33.454Z,0,104.01,07-Oct-2021,,
27,6160330131c1ce0008cb0665,YAARII,EQ,N,104.55,101.0,103.9,102.8,103.5,102.6,124314,12744439.55,183.45,41.75,1391,INE126M01010,2021-10-08,2021-10-07T18:30:00.000Z,2021-10-08T12:01:05.038Z,2021-10-08T12:01:05.038Z,0,102.52,08-Oct-2021,,
28,61644a8e1ffdf40008ba41b3,YAARII,EQ,N,103.95,101.15,102.8,102.2,101.65,102.8,87757,8995990.05,183.45,43.1,1033,INE126M01010,2021-10-11,2021-10-10T18:30:00.000Z,2021-10-11T14:30:38.839Z,2021-10-11T14:30:38.839Z,0,102.51,11-Oct-2021,,
29,6165790160745c0008937752,YAARII,EQ,N,102.9,99.1,102.9,100.85,101.0,102.2,61801,6235123.15,183.45,43.1,796,INE126M01010,2021-10-12,2021-10-11T18:30:00.000Z,2021-10-12T12:01:05.465Z,2021-10-12T12:01:05.465Z,0,100.89,12-Oct-2021,,
30,6166ca6773e7b00008259142,YAARII,EQ,N,102.35,99.0,101.15,99.35,99.6,100.85,113708,11382733.85,183.45,43.1,1348,INE126M01010,2021-10-13,2021-10-12T18:30:00.000Z,2021-10-13T12:00:39.682Z,2021-10-13T12:00:39.682Z,0,100.1,13-Oct-2021,,
31,61681bff03a7b2000873decc,YAARII,EQ,N,101.0,99.0,101.0,99.4,99.75,99.35,74483,7422774.95,183.45,43.1,1002,INE126M01010,2021-10-14,2021-10-13T18:30:00.000Z,2021-10-14T12:01:03.071Z,2021-10-14T12:01:03.071Z,0,99.66,14-Oct-2021,,
32,616d61e481039a0008f766cc,YAARII,EQ,N,104.35,99.75,100.95,104.35,104.35,99.4,351025,36299936.55,183.45,45.05,2081,INE126M01010,2021-10-18,2021-10-17T18:30:00.000Z,2021-10-18T12:00:36.526Z,2021-10-18T12:00:36.526Z,0,103.41,18-Oct-2021,,
33,616eb37e2137b10008e72eb0,YAARII,EQ,N,106.5,100.05,104.45,100.9,100.15,104.35,174152,18016356.15,183.45,45.05,1834,INE126M01010,2021-10-19,2021-10-18T18:30:00.000Z,2021-10-19T12:01:02.799Z,2021-10-19T12:01:02.799Z,0,103.45,19-Oct-2021,,
34,609bc37fc132690009efff81,YAARII,EQ,N,95.05,89.9,93.95,91.1,91.05,92.9,227996,21110528.3,183.45,31.0,2851,INE126M01010,2021-05-12,2021-05-11T18:30:00.000Z,2021-05-12T12:01:03.134Z,2021-05-12T12:01:03.134Z,0,92.59,12-May-2021,,
35,609e667f885aee00088f4746,YAARII,EQ,N,94.0,89.35,92.0,90.15,89.8,91.1,2203706,200600060.15,183.45,31.0,2466,INE126M01010,2021-05-14,2021-05-13T18:30:00.000Z,2021-05-14T12:01:03.572Z,2021-05-14T12:01:03.572Z,0,91.03,14-May-2021,,
36,60a25afe4e61470008bbee0e,YAARII,EQ,N,94.65,94.65,94.65,94.65,94.65,90.15,57555,5447580.75,183.45,31.0,236,INE126M01010,2021-05-17,2021-05-16T18:30:00.000Z,2021-05-17T12:01:02.773Z,2021-05-17T12:01:02.773Z,0,94.65,17-May-2021,,
37,60a3ac7ebcb6750008860eaf,YAARII,EQ,N,99.35,99.35,99.35,99.35,99.35,94.65,34593,3436814.55,183.45,31.0,160,INE126M01010,2021-05-18,2021-05-17T18:30:00.000Z,2021-05-18T12:01:02.541Z,2021-05-18T12:01:02.541Z,0,99.35,18-May-2021,,
38,60a4fdff1247b900089e387f,YAARII,EQ,N,104.3,97.7,104.3,101.05,100.15,99.35,1309201,133752780.1,183.45,31.0,10540,INE126M01010,2021-05-19,2021-05-18T18:30:00.000Z,2021-05-19T12:01:03.893Z,2021-05-19T12:01:03.893Z,0,102.16,19-May-2021,,
39,60a64f7f9a1015000919d191,YAARII,EQ,N,106.1,99.2,102.0,106.1,106.1,101.05,771579,81133603.05,183.45,31.0,4386,INE126M01010,2021-05-20,2021-05-19T18:30:00.000Z,2021-05-20T12:01:03.376Z,2021-05-20T12:01:03.376Z,0,105.15,20-May-2021,,
40,60a7a0e0c7277a00086e37b2,YAARII,EQ,N,111.4,107.5,107.9,111.4,111.4,106.1,409380,44914189.35,183.45,31.0,4598,INE126M01010,2021-05-21,2021-05-20T18:30:00.000Z,2021-05-21T12:00:32.703Z,2021-05-21T12:00:32.703Z,0,109.71,21-May-2021,,
41,60ab957f03728a0009a3594f,YAARII,EQ,N,116.95,114.0,116.95,116.95,116.95,111.4,309579,36068426.35,183.45,31.0,1637,INE126M01010,2021-05-24,2021-05-23T18:30:00.000Z,2021-05-24T12:01:03.346Z,2021-05-24T12:01:03.346Z,0,116.51,24-May-2021,,
42,60ace6fe3e1c5500087669d7,YAARII,EQ,N,122.5,112.4,122.5,113.7,113.05,116.95,640478,74777433.95,183.45,31.0,9394,INE126M01010,2021-05-25,2021-05-24T18:30:00.000Z,2021-05-25T12:01:02.570Z,2021-05-25T12:01:02.570Z,0,116.75,25-May-2021,,
43,60ae3881e53e1c0008d910cd,YAARII,EQ,N,114.95,108.05,114.95,111.55,112.5,113.7,483584,53461689.7,183.45,31.0,6084,INE126M01010,2021-05-26,2021-05-25T18:30:00.000Z,2021-05-26T12:01:06.007Z,2021-05-26T12:01:06.007Z,0,110.55,26-May-2021,,
44,60af89e423db9e0008efd127,YAARII,EQ,N,114.0,107.0,112.45,107.95,107.5,111.55,216421,23971667.45,183.45,31.0,3835,INE126M01010,2021-05-27,2021-05-26T18:30:00.000Z,2021-05-27T12:00:36.840Z,2021-05-27T12:00:36.840Z,0,110.76,27-May-2021,,
45,60b0db82ecad4f0008644325,YAARII,EQ,N,112.85,106.05,107.1,109.5,109.25,107.95,407443,45239083.7,183.45,31.0,4440,INE126M01010,2021-05-28,2021-05-27T18:30:00.000Z,2021-05-28T12:01:06.987Z,2021-05-28T12:01:06.987Z,0,111.03,28-May-2021,,
46,60b4cfff99942d0008df07aa,YAARII,EQ,N,114.95,109.15,109.15,114.95,114.95,109.5,297956,33733272.65,183.45,32.2,2448,INE126M01010,2021-05-31,2021-05-30T18:30:00.000Z,2021-05-31T12:01:03.148Z,2021-05-31T12:01:03.148Z,0,113.22,31-May-2021,,
47,60b6217f1746750008d2b237,YAARII,EQ,N,120.65,109.3,120.65,111.9,112.25,114.95,666068,76951194.2,183.45,32.2,7533,INE126M01010,2021-06-01,2021-05-31T18:30:00.000Z,2021-06-01T12:01:03.501Z,2021-06-01T12:01:03.501Z,0,115.53,01-Jun-2021,,
48,60b772e4174675000806e023,YAARII,EQ,N,115.5,111.1,111.1,112.7,112.6,111.9,215493,24450577.55,183.45,32.2,2746,INE126M01010,2021-06-02,2021-06-01T18:30:00.000Z,2021-06-02T12:00:36.109Z,2021-06-02T12:00:36.109Z,0,113.46,02-Jun-2021,,
49,60b8c47ef1e4290008f839ca,YAARII,EQ,N,118.3,111.5,111.5,118.3,118.3,112.7,463966,54164366.95,183.45,32.2,3696,INE126M01010,2021-06-03,2021-06-02T18:30:00.000Z,2021-06-03T12:01:02.940Z,2021-06-03T12:01:02.940Z,0,116.74,03-Jun-2021,,
50,60ba15e2fd6cfd0008ece431,YAARII,EQ,N,124.2,115.1,118.0,124.2,124.2,118.3,905860,109932375.05,183.45,32.2,8083,INE126M01010,2021-06-04,2021-06-03T18:30:00.000Z,2021-06-04T12:00:34.858Z,2021-06-04T12:00:34.858Z,0,121.36,04-Jun-2021,,
51,60be0a64e54865000822a2d4,YAARII,EQ,N,127.7,120.35,127.7,120.95,121.45,124.2,548255,67372983.7,183.45,37.0,5975,INE126M01010,2021-06-07,2021-06-06T18:30:00.000Z,2021-06-07T12:00:36.786Z,2021-06-07T12:00:36.786Z,0,122.89,07-Jun-2021,,
52,60bf5be3d2265400080d7fb6,YAARII,EQ,N,123.7,117.0,122.4,120.6,120.15,120.95,308551,37041477.9,183.45,37.0,4109,INE126M01010,2021-06-08,2021-06-07T18:30:00.000Z,2021-06-08T12:00:35.237Z,2021-06-08T12:00:35.237Z,0,120.05,08-Jun-2021,,
53,606afbe150e7c50009ea5732,YAARII,EQ,N,113.1,108.05,112.2,108.35,108.05,113.7,554105,60527720.6,183.45,31.0,4764,INE126M01010,2021-04-05,2021-04-04T18:30:00.000Z,2021-04-05T12:00:33.633Z,2021-04-05T12:00:33.633Z,0,109.24,05-Apr-2021,,
54,606c4d7ee414300008c057c8,YAARII,EQ,N,113.75,103.7,106.1,110.85,113.75,108.35,706475,76285420.05,183.45,31.0,9291,INE126M01010,2021-04-06,2021-04-05T18:30:00.000Z,2021-04-06T12:01:02.785Z,2021-04-06T12:01:02.785Z,0,107.98,06-Apr-2021,,
55,606d9ee4a5b3e50008f95120,YAARII,EQ,N,116.35,116.35,116.35,116.35,116.35,110.85,28032,3261523.2,183.45,31.0,132,INE126M01010,2021-04-07,2021-04-06T18:30:00.000Z,2021-04-07T12:00:36.638Z,2021-04-07T12:00:36.638Z,0,116.35,07-Apr-2021,,
56,606ef07fee0ef7000821bc6f,YAARII,EQ,N,122.15,118.25,122.15,122.15,122.15,116.35,575660,69932341.4,183.45,31.0,2062,INE126M01010,2021-04-08,2021-04-07T18:30:00.000Z,2021-04-08T12:01:03.234Z,2021-04-08T12:01:03.234Z,0,121.48,08-Apr-2021,,
57,607041e4b4027f000988515f,YAARII,EQ,N,127.45,119.0,122.15,122.8,123.0,122.15,392712,48709072.9,183.45,31.0,6874,INE126M01010,2021-04-09,2021-04-08T18:30:00.000Z,2021-04-09T12:00:36.302Z,2021-04-09T12:00:36.302Z,0,124.03,09-Apr-2021,,
58,6074367e905dbc00081586b0,YAARII,EQ,N,119.0,116.7,119.0,116.7,116.7,122.8,64695,7562374.3,183.45,31.0,358,INE126M01010,2021-04-12,2021-04-11T18:30:00.000Z,2021-04-12T12:01:02.972Z,2021-04-12T12:01:02.972Z,0,116.89,12-Apr-2021,,
59,607587e4a1a6020009d61abd,YAARII,EQ,N,114.9,110.9,110.9,110.9,110.9,116.7,558396,62141504.0,183.45,31.0,2344,INE126M01010,2021-04-13,2021-04-12T18:30:00.000Z,2021-04-13T12:00:36.428Z,2021-04-13T12:00:36.428Z,0,111.29,13-Apr-2021,,
60,60782ae3b4027f000990b643,YAARII,EQ,N,110.9,105.4,110.9,105.4,105.4,110.9,160229,17081354.45,183.45,31.0,1137,INE126M01010,2021-04-15,2021-04-14T18:30:00.000Z,2021-04-15T12:00:35.876Z,2021-04-15T12:00:35.876Z,0,106.61,15-Apr-2021,,
61,60797c7e06a23a00086a113a,YAARII,EQ,N,106.3,100.15,100.35,100.55,100.15,105.4,592702,60653167.4,183.45,31.0,4807,INE126M01010,2021-04-16,2021-04-15T18:30:00.000Z,2021-04-16T12:01:02.990Z,2021-04-16T12:01:02.990Z,0,102.33,16-Apr-2021,,
62,607d70e332a7350008fd3b16,YAARII,EQ,N,95.65,95.55,95.65,95.55,95.55,100.55,35678,3409828.05,183.45,31.0,321,INE126M01010,2021-04-19,2021-04-18T18:30:00.000Z,2021-04-19T12:00:35.500Z,2021-04-19T12:00:35.500Z,0,95.57,19-Apr-2021,,
63,607ec27f28c94600080bc755,YAARII,EQ,N,95.45,90.8,91.45,90.8,90.8,95.55,1103171,101831818.3,183.45,31.0,5137,INE126M01010,2021-04-20,2021-04-19T18:30:00.000Z,2021-04-20T12:01:03.132Z,2021-04-20T12:01:03.132Z,0,92.31,20-Apr-2021,,
64,6081657f3641bb0008a8fbd3,YAARII,EQ,N,95.3,87.25,87.25,95.3,95.3,90.8,495477,45108791.95,183.45,31.0,4084,INE126M01010,2021-04-22,2021-04-21T18:30:00.000Z,2021-04-22T12:01:03.029Z,2021-04-22T12:01:03.029Z,0,91.04,22-Apr-2021,,
65,6082b6e36140660008b5b06a,YAARII,EQ,N,100.05,95.35,98.4,97.75,98.35,95.3,651316,64370434.75,183.45,31.0,6260,INE126M01010,2021-04-23,2021-04-22T18:30:00.000Z,2021-04-23T12:00:35.142Z,2021-04-23T12:00:35.142Z,0,98.83,23-Apr-2021,,
66,6088066180572900081c8cc2,YAARII,EQ,N,102.6,93.2,99.0,94.7,94.55,97.75,966057,94609408.15,183.45,31.0,10065,INE126M01010,2021-04-26,2021-04-25T18:30:00.000Z,2021-04-27T12:41:05.964Z,2021-04-27T12:41:05.964Z,0,97.93,26-Apr-2021,,
67,6088069dccdda4000887d61b,YAARII,EQ,N,96.8,90.8,96.0,93.0,93.0,94.7,373164,34922393.25,183.45,31.0,6848,INE126M01010,2021-04-27,2021-04-26T18:30:00.000Z,2021-04-27T12:42:05.927Z,2021-04-27T12:42:05.927Z,0,93.58,27-Apr-2021,,
68,60894e6306a23a000857937d,YAARII,EQ,N,95.85,90.55,95.45,91.65,92.0,93.0,462330,43250614.2,183.45,31.0,3232,INE126M01010,2021-04-28,2021-04-27T18:30:00.000Z,2021-04-28T12:00:35.564Z,2021-04-28T12:00:35.564Z,0,93.55,28-Apr-2021,,
69,608aa005fc34330008f8390a,YAARII,EQ,N,95.45,89.85,93.45,93.6,93.3,91.65,443584,40761164.4,183.45,31.0,2688,INE126M01010,2021-04-29,2021-04-28T18:30:00.000Z,2021-04-29T12:01:09.059Z,2021-04-29T12:01:09.059Z,0,91.89,29-Apr-2021,,
70,608bf18246f86b00096b1465,YAARII,EQ,N,94.5,89.9,93.6,93.0,93.4,93.6,470444,43700947.75,183.45,31.0,3515,INE126M01010,2021-04-30,2021-04-29T18:30:00.000Z,2021-04-30T12:01:06.986Z,2021-04-30T12:01:06.986Z,0,92.89,30-Apr-2021,,
71,608fe5ffc881750008a9fe44,YAARII,EQ,N,94.1,91.0,92.0,92.0,92.2,93.0,227118,20981903.25,183.45,31.0,1764,INE126M01010,2021-05-03,2021-05-02T18:30:00.000Z,2021-05-03T12:01:03.329Z,2021-05-03T12:01:03.329Z,0,92.38,03-May-2021,,
72,6091377f45df9f0008e93e17,YAARII,EQ,N,93.75,90.1,92.95,90.8,90.1,92.0,336837,31187459.55,183.45,31.0,1900,INE126M01010,2021-05-04,2021-05-03T18:30:00.000Z,2021-05-04T12:01:03.216Z,2021-05-04T12:01:03.216Z,0,92.59,04-May-2021,,
73,609288e6c13269000942c188,YAARII,EQ,N,92.6,86.3,92.6,86.4,86.3,90.8,765928,66705464.45,183.45,31.0,4874,INE126M01010,2021-05-05,2021-05-04T18:30:00.000Z,2021-05-05T12:00:38.331Z,2021-05-05T12:00:38.331Z,0,87.09,05-May-2021,,
74,6093da7ea51b5b0008e13e95,YAARII,EQ,N,88.0,82.1,87.0,82.25,82.15,86.4,567754,47444933.7,183.45,31.0,5283,INE126M01010,2021-05-06,2021-05-05T18:30:00.000Z,2021-05-06T12:01:02.809Z,2021-05-06T12:01:02.809Z,0,83.57,06-May-2021,,
75,60952be158429e0008542259,YAARII,EQ,N,86.35,82.5,83.45,86.0,86.35,82.25,372887,31790727.3,183.45,31.0,3883,INE126M01010,2021-05-07,2021-05-06T18:30:00.000Z,2021-05-07T12:00:33.431Z,2021-05-07T12:00:33.431Z,0,85.26,07-May-2021,,
76,6099206628330700080ff9db,YAARII,EQ,N,90.3,88.2,88.2,90.3,90.3,86.0,382852,34412613.55,183.45,31.0,2337,INE126M01010,2021-05-10,2021-05-09T18:30:00.000Z,2021-05-10T12:00:38.890Z,2021-05-10T12:00:38.890Z,0,89.88,10-May-2021,,
77,609a71ff45df9f0008b76ad0,YAARII,EQ,N,94.7,86.85,88.4,92.9,92.85,90.3,571139,52690063.55,183.45,31.0,4366,INE126M01010,2021-05-11,2021-05-10T18:30:00.000Z,2021-05-11T12:01:03.124Z,2021-05-11T12:01:03.124Z,0,92.25,11-May-2021,,
78,609bc37fc132690009efff81,YAARII,EQ,N,95.05,89.9,93.95,91.1,91.05,92.9,227996,21110528.3,183.45,31.0,2851,INE126M01010,2021-05-12,2021-05-11T18:30:00.000Z,2021-05-12T12:01:03.134Z,2021-05-12T12:01:03.134Z,0,92.59,12-May-2021,,
79,60339ce21fa56800082f658d,YAARII,EQ,N,158.55,158.55,158.55,158.55,158.55,151.0,170567,27043397.85,158.55,31.0,303,INE126M01010,2021-02-22,2021-02-21T18:30:00.000Z,2021-02-22T12:00:34.388Z,2021-02-22T12:00:34.388Z,0,158.55,22-Feb-2021,,
80,6034ee5df2cc160009225481,YAARII,EQ,N,166.45,166.45,166.45,166.45,166.45,158.55,57518,9573871.1,166.45,31.0,202,INE126M01010,2021-02-23,2021-02-22T18:30:00.000Z,2021-02-23T12:00:29.753Z,2021-02-23T12:00:29.753Z,0,166.45,23-Feb-2021,,
81,60365c97c65ab700086bb3e4,YAARII,EQ,N,174.75,165.55,174.75,174.75,174.75,166.45,425788,73322057.65,174.75,31.0,1753,INE126M01010,2021-02-24,2021-02-23T18:30:00.000Z,2021-02-24T14:03:03.158Z,2021-02-24T14:03:03.158Z,0,172.2,24-Feb-2021,,
82,6037917fd3429100084f432d,YAARII,EQ,N,183.45,166.05,183.45,172.45,170.95,174.75,2643457,464621497.15,183.45,31.0,18833,INE126M01010,2021-02-25,2021-02-24T18:30:00.000Z,2021-02-25T12:01:03.492Z,2021-02-25T12:01:03.492Z,0,175.76,25-Feb-2021,,
83,6038e2fe48a71b000890bdd1,YAARII,EQ,N,171.0,163.85,166.15,164.05,163.85,172.45,801780,132390257.7,183.45,31.0,5140,INE126M01010,2021-02-26,2021-02-25T18:30:00.000Z,2021-02-26T12:01:02.875Z,2021-02-26T12:01:02.875Z,0,165.12,26-Feb-2021,,
84,603cd781d342910008d7e40f,YAARII,EQ,N,172.25,164.05,164.05,171.1,172.0,164.05,438442,74311546.85,183.45,31.0,3834,INE126M01010,2021-03-01,2021-02-28T18:30:00.000Z,2021-03-01T12:01:05.294Z,2021-03-01T12:01:05.294Z,0,169.49,01-Mar-2021,,
85,603e28fee88009000870f5a9,YAARII,EQ,N,178.65,163.55,172.1,166.45,164.3,171.1,448499,76293164.25,183.45,31.0,5879,INE126M01010,2021-03-02,2021-03-01T18:30:00.000Z,2021-03-02T12:01:02.853Z,2021-03-02T12:01:02.853Z,0,170.11,02-Mar-2021,,
86,603f7a5c60e1740008d80ed2,YAARII,EQ,N,169.8,163.0,169.8,166.5,165.4,166.45,300703,49988467.4,183.45,31.0,2799,INE126M01010,2021-03-03,2021-03-02T18:30:00.000Z,2021-03-03T12:00:28.426Z,2021-03-03T12:00:28.426Z,0,166.24,03-Mar-2021,,
87,6040cbfef782e80008e63d88,YAARII,EQ,N,169.9,161.05,161.05,163.7,163.0,166.5,173840,28824841.75,183.45,31.0,3742,INE126M01010,2021-03-04,2021-03-03T18:30:00.000Z,2021-03-04T12:01:02.844Z,2021-03-04T12:01:02.844Z,0,165.81,04-Mar-2021,,
88,60421d7ff87f7d00085f2cf3,YAARII,EQ,N,167.9,158.0,166.6,160.85,162.0,163.7,201892,32834820.7,183.45,31.0,3487,INE126M01010,2021-03-05,2021-03-04T18:30:00.000Z,2021-03-05T12:01:03.524Z,2021-03-05T12:01:03.524Z,0,162.64,05-Mar-2021,,
89,60461202f782e800082f8f28,YAARII,EQ,N,168.1,157.1,168.0,160.2,160.5,160.85,181644,29749569.5,183.45,31.0,1715,INE126M01010,2021-03-08,2021-03-07T18:30:00.000Z,2021-03-08T12:01:06.500Z,2021-03-08T12:01:06.500Z,0,163.78,08-Mar-2021,,
90,604763611869d100087592fa,YAARII,EQ,N,164.0,152.2,163.9,152.2,152.2,160.2,276801,42890025.75,183.45,31.0,2976,INE126M01010,2021-03-09,2021-03-08T18:30:00.000Z,2021-03-09T12:00:33.650Z,2021-03-09T12:00:33.650Z,0,154.95,09-Mar-2021,,
91,6048b4e1b02c4600080fd09a,YAARII,EQ,N,159.8,148.0,150.0,159.8,159.8,152.2,163885,25595440.25,183.45,31.0,2498,INE126M01010,2021-03-10,2021-03-09T18:30:00.000Z,2021-03-10T12:00:33.459Z,2021-03-10T12:00:33.459Z,0,156.18,10-Mar-2021,,
92,604b57dc72247e0008e052fb,YAARII,EQ,N,167.75,151.85,165.0,152.85,151.85,159.8,435845,70131665.15,183.45,31.0,4548,INE126M01010,2021-03-12,2021-03-11T18:30:00.000Z,2021-03-12T12:00:28.061Z,2021-03-12T12:00:28.061Z,0,160.91,12-Mar-2021,,
93,604f4c7fc00cd5000824fc28,YAARII,EQ,N,154.05,145.25,152.2,145.25,145.25,152.85,229681,33790488.7,183.45,31.0,2436,INE126M01010,2021-03-15,2021-03-14T18:30:00.000Z,2021-03-15T12:01:03.389Z,2021-03-15T12:01:03.389Z,0,147.12,15-Mar-2021,,
94,60509de16ad8c20008652431,YAARII,EQ,N,152.5,141.3,145.0,151.6,152.2,145.25,302091,44597226.15,183.45,31.0,2846,INE126M01010,2021-03-16,2021-03-15T18:30:00.000Z,2021-03-16T12:00:33.638Z,2021-03-16T12:00:33.638Z,0,147.63,16-Mar-2021,,
95,6051ef65e9990500087f3512,YAARII,EQ,N,156.4,144.05,153.45,144.55,144.05,151.6,341431,50971100.7,183.45,31.0,3832,INE126M01010,2021-03-17,2021-03-16T18:30:00.000Z,2021-03-17T12:00:37.213Z,2021-03-17T12:00:37.213Z,0,149.29,17-Mar-2021,,
96,605340e217e26700093f0d45,YAARII,EQ,N,148.1,137.35,145.55,138.3,139.0,144.55,333621,46642595.1,183.45,31.0,4749,INE126M01010,2021-03-18,2021-03-17T18:30:00.000Z,2021-03-18T12:00:34.619Z,2021-03-18T12:00:34.619Z,0,139.81,18-Mar-2021,,
97,6054927f6bba56000820a19d,YAARII,EQ,N,142.0,131.4,133.25,139.4,140.0,138.3,353585,47666489.85,183.45,31.0,3987,INE126M01010,2021-03-19,2021-03-18T18:30:00.000Z,2021-03-19T12:01:03.839Z,2021-03-19T12:01:03.839Z,0,134.81,19-Mar-2021,,
98,605886ff022baa00098a7cfd,YAARII,EQ,N,146.35,141.05,145.45,146.3,146.35,139.4,366824,53381947.85,183.45,31.0,2651,INE126M01010,2021-03-22,2021-03-21T18:30:00.000Z,2021-03-22T12:01:03.551Z,2021-03-22T12:01:03.551Z,0,145.52,22-Mar-2021,,
99,6059d8636bba5600089575c3,YAARII,EQ,N,153.45,144.0,147.45,146.6,147.0,146.3,288744,43491434.25,183.45,31.0,5333,INE126M01010,2021-03-23,2021-03-22T18:30:00.000Z,2021-03-23T12:00:35.528Z,2021-03-23T12:00:35.528Z,0,150.62,23-Mar-2021,,
100,605b29ff96d7ff000815d509,YAARII,EQ,N,149.0,140.5,146.0,144.95,145.0,146.6,306259,44493433.95,183.45,31.0,6159,INE126M01010,2021-03-24,2021-03-23T18:30:00.000Z,2021-03-24T12:01:03.606Z,2021-03-24T12:01:03.606Z,0,145.28,24-Mar-2021,,
101,605c7b621eb5f20008a435d7,YAARII,EQ,N,145.75,137.75,142.1,138.2,137.75,144.95,248391,34780740.3,183.45,31.0,2375,INE126M01010,2021-03-25,2021-03-24T18:30:00.000Z,2021-03-25T12:00:34.814Z,2021-03-25T12:00:34.814Z,0,140.02,25-Mar-2021,,
102,605dcce4ba1816000875f94d,YAARII,EQ,N,140.95,131.3,134.25,131.85,131.95,138.2,374907,50201464.4,183.45,31.0,4624,INE126M01010,2021-03-26,2021-03-25T18:30:00.000Z,2021-03-26T12:00:36.086Z,2021-03-26T12:00:36.086Z,0,133.9,26-Mar-2021,,
103,60631d8ef5299b0008fe3358,YAARII,EQ,N,135.1,125.3,131.95,125.3,125.3,131.85,236761,30250541.1,183.45,31.0,2019,INE126M01010,2021-03-30,2021-03-29T18:30:00.000Z,2021-03-30T12:46:06.524Z,2021-03-30T12:46:06.524Z,0,127.77,30-Mar-2021,,
104,6064645c03368200081c1f45,YAARII,EQ,N,123.85,119.05,120.8,119.05,119.05,125.3,309691,37026482.1,183.45,31.0,1440,INE126M01010,2021-03-31,2021-03-30T18:30:00.000Z,2021-03-31T12:00:28.860Z,2021-03-31T12:00:28.860Z,0,119.56,31-Mar-2021,,
105,6065b5e313110000089f8f68,YAARII,EQ,N,122.75,113.1,113.1,113.7,113.1,119.05,1130570,131678936.9,183.45,31.0,6972,INE126M01010,2021-04-01,2021-03-31T18:30:00.000Z,2021-04-01T12:00:35.875Z,2021-04-01T12:00:35.875Z,0,116.47,01-Apr-2021,,
106,5ffd8f7f5a01880008024e9c,YAARII,EQ,N,118.05,114.15,115.7,116.95,116.6,112.45,1104072,129569849.9,146.5,31.0,7176,INE126M01010,2021-01-12,2021-01-11T18:30:00.000Z,2021-01-12T12:01:03.423Z,2021-01-12T12:01:03.423Z,0,117.36,12-Jan-2021,,
107,5ffee0dcc4dee300088dd7f6,YAARII,EQ,N,117.8,111.2,116.95,114.25,113.95,116.95,656337,74382102.2,146.5,31.0,4958,INE126M01010,2021-01-13,2021-01-12T18:30:00.000Z,2021-01-13T12:00:28.743Z,2021-01-13T12:00:28.743Z,0,113.33,13-Jan-2021,,
108,6000327f6e104f0008e690bb,YAARII,EQ,N,115.7,108.55,115.7,108.55,108.55,114.25,395414,43665451.25,146.5,31.0,2846,INE126M01010,2021-01-14,2021-01-13T18:30:00.000Z,2021-01-14T12:01:03.427Z,2021-01-14T12:01:03.427Z,0,110.43,14-Jan-2021,,
109,600183fe5a018800081075bd,YAARII,EQ,N,109.7,103.15,105.0,103.35,103.15,108.55,721157,76304425.45,146.5,31.0,4694,INE126M01010,2021-01-15,2021-01-14T18:30:00.000Z,2021-01-15T12:01:02.832Z,2021-01-15T12:01:02.832Z,0,105.81,15-Jan-2021,,
110,6005787f2e3c9a000810ee4e,YAARII,EQ,N,102.85,98.2,101.0,98.95,98.2,103.35,633367,62904962.3,135.9,31.0,4070,INE126M01010,2021-01-18,2021-01-17T18:30:00.000Z,2021-01-18T12:01:03.464Z,2021-01-18T12:01:03.464Z,0,99.32,18-Jan-2021,,
111,6006c9e3f10a0d00083c516a,YAARII,EQ,N,103.85,98.45,100.0,103.8,103.85,98.95,1156824,119408253.2,135.9,31.0,4886,INE126M01010,2021-01-19,2021-01-18T18:30:00.000Z,2021-01-19T12:00:35.963Z,2021-01-19T12:00:35.963Z,0,103.22,19-Jan-2021,,
112,60081b7e2c04b60008834cf7,YAARII,EQ,N,108.95,103.0,105.0,108.85,108.05,103.8,678810,73165532.4,135.9,31.0,4090,INE126M01010,2021-01-20,2021-01-19T18:30:00.000Z,2021-01-20T12:01:02.760Z,2021-01-20T12:01:02.760Z,0,107.78,20-Jan-2021,,
113,60096cdc741e2900081a186c,YAARII,EQ,N,111.4,103.45,110.1,103.45,103.45,108.85,604721,65199493.3,135.9,31.0,4666,INE126M01010,2021-01-21,2021-01-20T18:30:00.000Z,2021-01-21T12:00:28.701Z,2021-01-21T12:00:28.701Z,0,107.82,21-Jan-2021,,
114,600abe638a4b290008ee1d38,YAARII,EQ,N,104.1,98.3,98.3,98.3,98.3,103.45,885280,88325661.0,135.9,31.0,4457,INE126M01010,2021-01-22,2021-01-21T18:30:00.000Z,2021-01-22T12:00:35.692Z,2021-01-22T12:00:35.692Z,0,99.77,22-Jan-2021,,
115,600eb2fec1e18e0008a4549e,YAARII,EQ,N,101.95,94.55,101.5,97.35,97.0,98.3,405624,39673776.85,126.7,31.0,2648,INE126M01010,2021-01-25,2021-01-24T18:30:00.000Z,2021-01-25T12:01:02.940Z,2021-01-25T12:01:02.940Z,0,97.81,25-Jan-2021,,
116,601155fec050380008a1d6a0,YAARII,EQ,N,99.4,93.6,99.0,98.0,98.0,97.35,315010,30639488.95,126.7,31.0,2028,INE126M01010,2021-01-27,2021-01-26T18:30:00.000Z,2021-01-27T12:01:02.923Z,2021-01-27T12:01:02.923Z,0,97.27,27-Jan-2021,,
117,6012a763d24e050008e7325b,YAARII,EQ,N,102.9,94.35,96.95,100.5,102.4,98.0,924891,94027970.25,126.7,31.0,5810,INE126M01010,2021-01-28,2021-01-27T18:30:00.000Z,2021-01-28T12:00:35.831Z,2021-01-28T12:00:35.831Z,0,101.66,28-Jan-2021,,
118,6013f90224068600082d298d,YAARII,EQ,N,104.0,96.35,102.0,98.2,97.6,100.5,437640,44255077.0,126.7,31.0,3330,INE126M01010,2021-01-29,2021-01-28T18:30:00.000Z,2021-01-29T12:01:06.902Z,2021-01-29T12:01:06.902Z,0,101.12,29-Jan-2021,,
119,6017ed62ceda9200080bce7b,YAARII,EQ,N,103.1,95.2,100.2,98.55,98.9,98.2,957003,96422336.15,119.75,31.0,7125,INE126M01010,2021-02-01,2021-01-31T18:30:00.000Z,2021-02-01T12:00:34.380Z,2021-02-01T12:00:34.380Z,0,100.75,01-Feb-2021,,
120,60193efe52a67400088a7d83,YAARII,EQ,N,100.7,93.65,100.0,95.15,94.5,98.55,1304867,125795890.5,119.75,31.0,5235,INE126M01010,2021-02-02,2021-02-01T18:30:00.000Z,2021-02-02T12:01:02.671Z,2021-02-02T12:01:02.671Z,0,96.41,02-Feb-2021,,
121,601a9063f98b220009a86923,YAARII,EQ,N,99.9,94.55,95.5,99.9,99.9,95.15,303839,29983762.6,119.75,31.0,1516,INE126M01010,2021-02-03,2021-02-02T18:30:00.000Z,2021-02-03T12:00:35.437Z,2021-02-03T12:00:35.437Z,0,98.68,03-Feb-2021,,
122,601be1fff98b220009bd6123,YAARII,EQ,N,104.85,104.85,104.85,104.85,104.85,99.9,52801,5536184.85,119.75,31.0,297,INE126M01010,2021-02-04,2021-02-03T18:30:00.000Z,2021-02-04T12:01:03.031Z,2021-02-04T12:01:03.031Z,0,104.85,04-Feb-2021,,
123,601d33611977d90008c02b34,YAARII,EQ,N,110.0,105.0,108.7,106.45,106.05,104.85,810642,87308357.35,119.75,31.0,5088,INE126M01010,2021-02-05,2021-02-04T18:30:00.000Z,2021-02-05T12:00:33.229Z,2021-02-05T12:00:33.229Z,0,107.7,05-Feb-2021,,
124,602127e25959750008a8dfc7,YAARII,EQ,N,109.9,106.0,107.45,107.1,107.7,106.45,467457,50662598.5,119.75,31.0,3891,INE126M01010,2021-02-08,2021-02-07T18:30:00.000Z,2021-02-08T12:00:34.943Z,2021-02-08T12:00:34.943Z,0,108.38,08-Feb-2021,,
125,6022797f85e3100008e2cecb,YAARII,EQ,N,111.0,96.6,111.0,100.5,100.5,107.1,409664,42950440.65,119.75,31.0,3906,INE126M01010,2021-02-09,2021-02-08T18:30:00.000Z,2021-02-09T12:01:03.274Z,2021-02-09T12:01:03.274Z,0,104.84,09-Feb-2021,,
126,6023cafe6d78280008e4450e,YAARII,EQ,N,107.95,100.35,101.35,106.45,107.0,100.5,613915,64403539.25,119.75,31.0,4862,INE126M01010,2021-02-10,2021-02-09T18:30:00.000Z,2021-02-10T12:01:02.939Z,2021-02-10T12:01:02.939Z,0,104.91,10-Feb-2021,,
127,60251c638160710008fa5899,YAARII,EQ,N,117.05,106.05,106.95,117.05,117.05,106.45,632275,72174977.35,119.75,31.0,3531,INE126M01010,2021-02-11,2021-02-10T18:30:00.000Z,2021-02-11T12:00:35.627Z,2021-02-11T12:00:35.627Z,0,114.15,11-Feb-2021,,
128,60266de1e854190008018a19,YAARII,EQ,N,128.75,121.0,128.75,128.75,128.75,117.05,1169683,149635521.3,128.75,31.0,3962,INE126M01010,2021-02-12,2021-02-11T18:30:00.000Z,2021-02-12T12:00:33.791Z,2021-02-12T12:00:33.791Z,0,127.93,12-Feb-2021,,
129,602a6262e85419000827e8ce,YAARII,EQ,N,138.25,121.55,131.05,129.9,130.0,128.75,1083296,141491526.55,138.25,31.0,14788,INE126M01010,2021-02-15,2021-02-14T18:30:00.000Z,2021-02-15T12:00:34.962Z,2021-02-15T12:00:34.962Z,0,130.61,15-Feb-2021,,
130,602bb3dc05368f0008dd74a8,YAARII,EQ,N,137.7,128.6,130.0,133.65,134.1,129.9,493368,65205783.05,138.25,31.0,6287,INE126M01010,2021-02-16,2021-02-15T18:30:00.000Z,2021-02-16T12:00:28.929Z,2021-02-16T12:00:28.929Z,0,132.16,16-Feb-2021,,
131,602d057fe89593000836a9e5,YAARII,EQ,N,140.3,132.2,133.0,137.0,137.85,133.65,1231172,170845229.0,140.3,31.0,10053,INE126M01010,2021-02-17,2021-02-16T18:30:00.000Z,2021-02-17T12:01:03.671Z,2021-02-17T12:01:03.671Z,0,138.77,17-Feb-2021,,
132,602e56ffd8ba7c0008db163e,YAARII,EQ,N,143.85,134.7,137.85,143.85,143.85,137.0,717441,100956293.9,143.85,31.0,4255,INE126M01010,2021-02-18,2021-02-17T18:30:00.000Z,2021-02-18T12:01:03.233Z,2021-02-18T12:01:03.233Z,0,140.72,18-Feb-2021,,
133,602fa85c68537800083185ac,YAARII,EQ,N,151.0,151.0,151.0,151.0,151.0,143.85,161493,24385443.0,151.0,31.0,419,INE126M01010,2021-02-19,2021-02-18T18:30:00.000Z,2021-02-19T12:00:28.402Z,2021-02-19T12:00:28.402Z,0,151.0,19-Feb-2021,,
134,5fc8d35dfdaa170009fb616c,IBULISL,EQ,N,62.2,62.2,62.2,62.2,62.2,59.25,25801,1604822.2,146.5,31.0,154,INE126M01010,2020-12-03,2020-12-02T18:30:00.000Z,2020-12-03T12:00:29.995Z,2020-12-03T12:00:29.995Z,0,62.2,03-Dec-2020,,
135,5fca24dd01e21f0008b13be6,IBULISL,EQ,N,65.3,60.25,65.3,65.3,65.3,62.2,1467297,94308121.15,146.5,31.0,4212,INE126M01010,2020-12-04,2020-12-03T18:30:00.000Z,2020-12-04T12:00:29.342Z,2020-12-04T12:00:29.342Z,0,64.27,04-Dec-2020,,
136,5fce198022c8a50008e34f9c,IBULISL,EQ,N,68.55,66.7,67.8,68.55,68.55,65.3,159880,10886667.5,146.5,31.0,462,INE126M01010,2020-12-07,2020-12-06T18:30:00.000Z,2020-12-07T12:01:04.697Z,2020-12-07T12:01:04.697Z,0,68.09,07-Dec-2020,,
137,5fcf6affecc6400008d6e9db,YAARII,EQ,N,71.95,71.95,71.95,71.95,71.95,68.55,42868,3084352.6,146.5,31.0,123,INE126M01010,2020-12-08,2020-12-07T18:30:00.000Z,2020-12-08T12:01:03.954Z,2020-12-08T12:01:03.954Z,0,71.95,08-Dec-2020,, Symbol changed to YAARII. Company name changed to YAARII DIGITAL INTEGRATED SERVICES LIMITED.
138,5fd0bc63ecc6400008d7da81,YAARII,EQ,N,75.5,75.5,75.5,75.5,75.5,71.95,7651,577650.5,146.5,31.0,87,INE126M01010,2020-12-09,2020-12-08T18:30:00.000Z,2020-12-09T12:00:35.227Z,2020-12-09T12:00:35.227Z,0,75.5,09-Dec-2020,,
139,5fd20ddbb459f90008433034,YAARII,EQ,N,79.25,79.25,79.25,79.25,79.25,75.5,58764,4657047.0,146.5,31.0,140,INE126M01010,2020-12-10,2020-12-09T18:30:00.000Z,2020-12-10T12:00:27.767Z,2020-12-10T12:00:27.767Z,0,79.25,10-Dec-2020,,
140,5fd35f641714380008587e8b,YAARII,EQ,N,83.2,83.2,83.2,83.2,83.2,79.25,18592,1546854.4,146.5,31.0,99,INE126M01010,2020-12-11,2020-12-10T18:30:00.000Z,2020-12-11T12:00:36.690Z,2020-12-11T12:00:36.690Z,0,83.2,11-Dec-2020,,
141,5fd753ff3141bc0008ee703d,YAARII,EQ,N,87.35,79.05,87.35,79.05,79.05,83.2,831332,68960869.3,146.5,31.0,3720,INE126M01010,2020-12-14,2020-12-13T18:30:00.000Z,2020-12-14T12:01:03.608Z,2020-12-14T12:01:03.608Z,0,82.95,14-Dec-2020,,
142,5fd8a562b459f90008464d2f,YAARII,EQ,N,78.9,75.1,75.1,75.1,75.1,79.05,591705,44863798.6,146.5,31.0,1976,INE126M01010,2020-12-15,2020-12-14T18:30:00.000Z,2020-12-15T12:00:34.236Z,2020-12-15T12:00:34.236Z,0,75.82,15-Dec-2020,,
143,5fd9f6e181abf7000814cf74,YAARII,EQ,N,78.85,72.55,72.55,78.85,78.85,75.1,265948,20488198.45,146.5,31.0,1374,INE126M01010,2020-12-16,2020-12-15T18:30:00.000Z,2020-12-16T12:00:33.648Z,2020-12-16T12:00:33.648Z,0,77.04,16-Dec-2020,,
144,5fdb486217143800085c6a48,YAARII,EQ,N,82.75,76.15,82.75,79.8,77.95,78.85,631942,51579279.5,146.5,31.0,1719,INE126M01010,2020-12-17,2020-12-16T18:30:00.000Z,2020-12-17T12:00:34.831Z,2020-12-17T12:00:34.831Z,0,81.62,17-Dec-2020,,
145,5fdc99ff89ad55000813832e,YAARII,EQ,N,83.75,75.85,76.25,79.85,80.1,79.8,687964,55412323.45,146.5,31.0,4679,INE126M01010,2020-12-18,2020-12-17T18:30:00.000Z,2020-12-18T12:01:03.550Z,2020-12-18T12:01:03.550Z,0,80.55,18-Dec-2020,,
146,5fe08e62fdf1090008bcd383,YAARII,EQ,N,82.95,75.9,80.0,75.9,75.9,79.85,314981,24403612.15,146.5,31.0,2173,INE126M01010,2020-12-21,2020-12-20T18:30:00.000Z,2020-12-21T12:00:34.056Z,2020-12-21T12:00:34.056Z,0,77.48,21-Dec-2020,,
147,5fe1dfe2652c6e000814a3d3,YAARII,EQ,N,74.8,72.15,73.1,72.35,72.15,75.9,158967,11516888.95,146.5,31.0,814,INE126M01010,2020-12-22,2020-12-21T18:30:00.000Z,2020-12-22T12:00:34.872Z,2020-12-22T12:00:34.872Z,0,72.45,22-Dec-2020,,
148,5fe331650569620008dc3c30,YAARII,EQ,N,75.95,72.25,74.45,75.95,75.95,72.35,206409,15338743.75,146.5,31.0,2086,INE126M01010,2020-12-23,2020-12-22T18:30:00.000Z,2020-12-23T12:00:37.649Z,2020-12-23T12:00:37.649Z,0,74.31,23-Dec-2020,,
149,5fe482fecca28d000877cf67,YAARII,EQ,N,79.7,74.55,79.7,76.75,76.6,75.95,392785,30480411.75,146.5,31.0,3218,INE126M01010,2020-12-24,2020-12-23T18:30:00.000Z,2020-12-24T12:01:02.849Z,2020-12-24T12:01:02.849Z,0,77.6,24-Dec-2020,,
150,5fe9c8e4c94f580008f4f50a,YAARII,EQ,N,80.0,76.0,76.0,79.05,78.4,76.75,248490,19566286.2,146.5,31.0,2383,INE126M01010,2020-12-28,2020-12-27T18:30:00.000Z,2020-12-28T12:00:36.146Z,2020-12-28T12:00:36.146Z,0,78.74,28-Dec-2020,,
151,5feb1a5c0569620008e047df,YAARII,EQ,N,83.0,83.0,83.0,83.0,83.0,79.05,164983,13693589.0,146.5,31.0,441,INE126M01010,2020-12-29,2020-12-28T18:30:00.000Z,2020-12-29T12:00:28.370Z,2020-12-29T12:00:28.370Z,0,83.0,29-Dec-2020,,
152,5fec6bfe65de43000891503f,YAARII,EQ,N,87.15,83.0,87.15,87.15,87.15,83.0,566631,48811871.0,146.5,31.0,2532,INE126M01010,2020-12-30,2020-12-29T18:30:00.000Z,2020-12-30T12:01:02.963Z,2020-12-30T12:01:02.963Z,0,86.14,30-Dec-2020,,
153,5fedbd8165de430008923416,YAARII,EQ,N,91.5,89.65,91.5,91.5,91.5,87.15,113615,10372171.35,146.5,31.0,352,INE126M01010,2020-12-31,2020-12-30T18:30:00.000Z,2020-12-31T12:01:05.065Z,2020-12-31T12:01:05.065Z,0,91.29,31-Dec-2020,,
154,5fef0ee365de4300089330ba,YAARII,EQ,N,96.05,96.05,96.05,96.05,96.05,91.5,48420,4650741.0,146.5,31.0,134,INE126M01010,2021-01-01,2020-12-31T18:30:00.000Z,2021-01-01T12:00:35.649Z,2021-01-01T12:00:35.649Z,0,96.05,01-Jan-2021,,
155,5ff328ff280268000893202b,YAARII,EQ,N,100.85,100.85,100.85,100.85,100.85,96.05,17273,1741982.05,146.5,31.0,161,INE126M01010,2021-01-04,2021-01-03T18:30:00.000Z,2021-01-04T14:41:03.395Z,2021-01-04T14:41:03.395Z,0,100.85,04-Jan-2021,,
156,5ff45fc7345f1a000885958a,YAARII,EQ,N,105.85,105.85,105.85,105.85,105.85,100.85,31500,3334275.0,146.5,31.0,155,INE126M01010,2021-01-05,2021-01-04T18:30:00.000Z,2021-01-05T12:47:03.163Z,2021-01-05T12:47:03.163Z,0,105.85,05-Jan-2021,,
157,5ff5a67f65de43000895f6ea,YAARII,EQ,N,111.1,100.6,111.1,111.1,111.1,105.85,3514942,379970850.45,146.5,31.0,18711,INE126M01010,2021-01-06,2021-01-05T18:30:00.000Z,2021-01-06T12:01:03.498Z,2021-01-06T12:01:03.498Z,0,108.1,06-Jan-2021,,
158,5ff6f7e2345f1a000887680d,YAARII,EQ,N,116.65,113.0,114.7,115.9,114.0,111.1,1632734,189172009.25,146.5,31.0,8298,INE126M01010,2021-01-07,2021-01-06T18:30:00.000Z,2021-01-07T12:00:34.487Z,2021-01-07T12:00:34.487Z,0,115.86,07-Jan-2021,,
159,5ff8496165de43000897d252,YAARII,EQ,N,119.75,110.15,119.0,110.15,110.15,115.9,641661,73878473.6,146.5,31.0,7766,INE126M01010,2021-01-08,2021-01-07T18:30:00.000Z,2021-01-08T12:00:33.916Z,2021-01-08T12:00:33.916Z,0,115.14,08-Jan-2021,,
160,5ffc3dff7ddd690008b04ced,YAARII,EQ,N,115.65,105.0,109.4,112.45,115.65,110.15,1249901,138635046.05,146.5,31.0,10092,INE126M01010,2021-01-11,2021-01-10T18:30:00.000Z,2021-01-11T12:01:03.760Z,2021-01-11T12:01:03.760Z,0,110.92,11-Jan-2021,,
161,5ffd8f7f5a01880008024e9c,YAARII,EQ,N,118.05,114.15,115.7,116.95,116.6,112.45,1104072,129569849.9,146.5,31.0,7176,INE126M01010,2021-01-12,2021-01-11T18:30:00.000Z,2021-01-12T12:01:03.423Z,2021-01-12T12:01:03.423Z,0,117.36,12-Jan-2021,,
162,5f96ba656479130008a528df,IBULISL,EQ,N,62.2,57.65,60.0,62.2,62.2,59.25,1039402,63830568.7,146.5,31.0,4197,INE126M01010,2020-10-26,2020-10-25T18:30:00.000Z,2020-10-26T12:00:37.227Z,2020-10-26T12:00:37.227Z,0,61.41,26-Oct-2020,,
163,5f980c002a17b100088d5bef,IBULISL,EQ,N,65.25,59.1,63.9,59.1,59.1,62.2,603393,37533507.65,146.5,31.0,4534,INE126M01010,2020-10-27,2020-10-26T18:30:00.000Z,2020-10-27T12:01:04.419Z,2020-10-27T12:01:04.419Z,0,62.2,27-Oct-2020,,
164,5f995d5f022fa70008f83840,IBULISL,EQ,N,60.6,56.15,57.35,56.15,56.15,59.1,228446,12967365.7,146.5,31.0,968,INE126M01010,2020-10-28,2020-10-27T18:30:00.000Z,2020-10-28T12:00:31.483Z,2020-10-28T12:00:31.483Z,0,56.76,28-Oct-2020,,
165,5f9aaee4022fa70008f8411d,IBULISL,EQ,N,53.35,53.35,53.35,53.35,53.35,56.15,68823,3671707.05,146.5,31.0,152,INE126M01010,2020-10-29,2020-10-28T18:30:00.000Z,2020-10-29T12:00:36.421Z,2020-10-29T12:00:36.421Z,0,53.35,29-Oct-2020,,
166,5f9c0063b6dbb5000825b2c4,IBULISL,EQ,N,54.9,51.0,52.3,51.8,51.4,53.35,230921,12198452.75,146.5,31.0,2121,INE126M01010,2020-10-30,2020-10-29T18:30:00.000Z,2020-10-30T12:00:35.824Z,2020-10-30T12:00:35.824Z,0,52.83,30-Oct-2020,,
167,5f9ff50059ba9100086bd2a3,IBULISL,EQ,N,53.8,50.95,52.4,52.2,51.2,51.8,122919,6450576.0,146.5,31.0,1191,INE126M01010,2020-11-02,2020-11-01T18:30:00.000Z,2020-11-02T12:01:04.142Z,2020-11-02T12:01:04.142Z,0,52.48,02-Nov-2020,,
168,5fa14665b6dbb5000825bc7e,IBULISL,EQ,N,52.7,50.3,52.2,50.65,50.8,52.2,80406,4129661.55,146.5,31.0,792,INE126M01010,2020-11-03,2020-11-02T18:30:00.000Z,2020-11-03T12:00:37.494Z,2020-11-03T12:00:37.494Z,0,51.36,03-Nov-2020,,
169,5fa297e6022fa70008f85521,IBULISL,EQ,N,53.15,50.2,52.0,51.95,52.0,50.65,109907,5728923.85,146.5,31.0,875,INE126M01010,2020-11-04,2020-11-03T18:30:00.000Z,2020-11-04T12:00:38.794Z,2020-11-04T12:00:38.794Z,0,52.13,04-Nov-2020,,
170,5fa3e96574b6670008117eca,IBULISL,EQ,N,53.65,52.0,52.05,52.5,53.0,51.95,83849,4433745.45,146.5,31.0,783,INE126M01010,2020-11-05,2020-11-04T18:30:00.000Z,2020-11-05T12:00:37.321Z,2020-11-05T12:00:37.321Z,0,52.88,05-Nov-2020,,
171,5fa53ae3e39d1b0009aa958f,IBULISL,EQ,N,54.3,52.0,52.7,52.85,52.55,52.5,540969,28776740.1,146.5,31.0,867,INE126M01010,2020-11-06,2020-11-05T18:30:00.000Z,2020-11-06T12:00:35.832Z,2020-11-06T12:00:35.832Z,0,53.19,06-Nov-2020,,
172,5fa92f64022fa70008f86462,IBULISL,EQ,N,53.45,52.05,53.4,52.55,52.95,52.85,63121,3337285.8,146.5,31.0,539,INE126M01010,2020-11-09,2020-11-08T18:30:00.000Z,2020-11-09T12:00:36.718Z,2020-11-09T12:00:36.718Z,0,52.87,09-Nov-2020,"[{'symbol': 'YAARII', 'series': 'EQ', 'ind': '-', 'faceVal': '2', 'subject': ' Annual General Meeting', 'exDate': '09-Nov-2020', 'recDate': '-', 'bcStartDate': '11-Nov-2020', 'bcEndDate': '13-Nov-2020', 'ndStartDate': '-', 'comp': 'Yaarii Digital Integrated Services Limited', 'isin': 'INE126M01010', 'ndEndDate': '-', 'caBroadcastDate': None}]",
173,5faa80e2cef7130008915862,IBULISL,EQ,N,53.4,51.1,52.15,51.45,51.45,52.55,68718,3590962.05,146.5,31.0,534,INE126M01010,2020-11-10,2020-11-09T18:30:00.000Z,2020-11-10T12:00:34.592Z,2020-11-10T12:00:34.592Z,0,52.26,10-Nov-2020,,
174,5fabd26674b667000811893d,IBULISL,EQ,N,52.55,50.35,51.5,51.4,51.6,51.45,67723,3473927.6,146.5,31.0,587,INE126M01010,2020-11-11,2020-11-10T18:30:00.000Z,2020-11-11T12:00:38.822Z,2020-11-11T12:00:38.822Z,0,51.3,11-Nov-2020,,
175,5fad23e3d5e18c0008685c42,IBULISL,EQ,N,53.95,50.6,51.0,53.95,53.95,51.4,118694,6336938.75,146.5,31.0,396,INE126M01010,2020-11-12,2020-11-11T18:30:00.000Z,2020-11-12T12:00:35.429Z,2020-11-12T12:00:35.429Z,0,53.39,12-Nov-2020,,
176,5fae758074b667000811951f,IBULISL,EQ,N,56.6,53.8,54.9,56.55,56.6,53.95,309466,17176471.45,146.5,31.0,1726,INE126M01010,2020-11-13,2020-11-12T18:30:00.000Z,2020-11-13T12:01:04.148Z,2020-11-13T12:01:04.148Z,0,55.5,13-Nov-2020,,
177,5fafeb91cef71300089165e6,IBULISL,EQ,N,57.6,54.0,57.6,54.95,55.0,56.55,130919,7204967.95,146.5,31.0,706,INE126M01010,2020-11-14,2020-11-13T18:30:00.000Z,2020-11-14T14:37:05.970Z,2020-11-14T14:37:05.970Z,0,55.03,14-Nov-2020,,
178,5fb3bb8006a1d00008ad09a8,IBULISL,EQ,N,55.8,52.5,54.3,53.1,53.0,54.95,212573,11442393.0,146.5,31.0,1026,INE126M01010,2020-11-17,2020-11-16T18:30:00.000Z,2020-11-17T12:01:04.408Z,2020-11-17T12:01:04.408Z,0,53.83,17-Nov-2020,,
179,5fb511b2df20a40008042905,IBULISL,EQ,N,53.75,50.5,53.3,51.55,51.4,53.1,274179,14135255.75,146.5,31.0,1525,INE126M01010,2020-11-18,2020-11-17T18:30:00.000Z,2020-11-18T12:21:06.597Z,2020-11-18T12:21:06.597Z,0,51.55,18-Nov-2020,,
180,5fb65e62c21f05000895cf6f,IBULISL,EQ,N,53.4,50.65,51.75,51.05,51.0,51.55,199307,10367993.05,146.5,31.0,1209,INE126M01010,2020-11-19,2020-11-18T18:30:00.000Z,2020-11-19T12:00:34.860Z,2020-11-19T12:00:34.860Z,0,52.02,19-Nov-2020,,
181,5fb7afe694bf500008b25dcd,IBULISL,EQ,N,52.45,50.75,51.05,51.4,51.45,51.05,84662,4344418.0,146.5,31.0,643,INE126M01010,2020-11-20,2020-11-19T18:30:00.000Z,2020-11-20T12:00:38.836Z,2020-11-20T12:00:38.836Z,0,51.31,20-Nov-2020,,
182,5fbba4645e52590008931148,IBULISL,EQ,N,51.95,50.1,51.95,50.65,50.4,51.4,93553,4746596.0,146.5,31.0,747,INE126M01010,2020-11-23,2020-11-22T18:30:00.000Z,2020-11-23T12:00:36.116Z,2020-11-23T12:00:36.116Z,0,50.74,23-Nov-2020,,
183,5fbcf6006a74050008b28ab4,IBULISL,EQ,N,52.45,50.8,51.45,51.75,52.0,50.65,133170,6905721.4,146.5,31.0,868,INE126M01010,2020-11-24,2020-11-23T18:30:00.000Z,2020-11-24T12:01:04.125Z,2020-11-24T12:01:04.125Z,0,51.86,24-Nov-2020,,
184,5fbe476587ed3b0008004ea8,IBULISL,EQ,N,53.6,51.0,52.9,52.3,52.35,51.75,181452,9519684.8,146.5,31.0,1167,INE126M01010,2020-11-25,2020-11-24T18:30:00.000Z,2020-11-25T12:00:37.762Z,2020-11-25T12:00:37.762Z,0,52.46,25-Nov-2020,,
185,5fbf98e4a33acb0008385f3a,IBULISL,EQ,N,52.85,51.1,52.3,51.6,51.5,52.3,80057,4133108.45,146.5,31.0,526,INE126M01010,2020-11-26,2020-11-25T18:30:00.000Z,2020-11-26T12:00:36.234Z,2020-11-26T12:00:36.234Z,0,51.63,26-Nov-2020,,
186,5fc0ea805e5259000894e687,IBULISL,EQ,N,54.15,51.4,52.0,53.8,53.5,51.6,567204,30046090.05,146.5,31.0,1774,INE126M01010,2020-11-27,2020-11-26T18:30:00.000Z,2020-11-27T12:01:04.207Z,2020-11-27T12:01:04.207Z,0,52.97,27-Nov-2020,,
187,5fc6305feb74920008ab9289,IBULISL,EQ,N,56.45,55.0,56.45,56.45,56.45,53.8,183541,10324227.15,146.5,31.0,458,INE126M01010,2020-12-01,2020-11-30T18:30:00.000Z,2020-12-01T12:00:31.896Z,2020-12-01T12:00:31.896Z,0,56.25,01-Dec-2020,,
188,5fc78200fdaa170009fa8858,IBULISL,EQ,N,59.25,59.25,59.25,59.25,59.25,56.45,46353,2746415.25,146.5,31.0,228,INE126M01010,2020-12-02,2020-12-01T18:30:00.000Z,2020-12-02T12:01:04.583Z,2020-12-02T12:01:04.583Z,0,59.25,02-Dec-2020,,
189,5fc8d35dfdaa170009fb616c,IBULISL,EQ,N,62.2,62.2,62.2,62.2,62.2,59.25,25801,1604822.2,146.5,31.0,154,INE126M01010,2020-12-03,2020-12-02T18:30:00.000Z,2020-12-03T12:00:29.995Z,2020-12-03T12:00:29.995Z,0,62.2,03-Dec-2020,,
190,5f5f5b65d8f5e500081a92c3,IBULISL,EQ,N,48.75,46.4,46.9,46.9,47.0,46.7,141384,6729952.05,150.5,31.0,915,INE126M01010,2020-09-14,2020-09-13T18:30:00.000Z,2020-09-14T12:00:37.659Z,2020-09-14T12:00:37.659Z,0,47.6,14-Sep-2020,,
191,5f60ace485f66a00082f2459,IBULISL,EQ,N,48.0,46.1,46.95,46.85,46.85,46.9,87090,4093761.2,150.5,31.0,750,INE126M01010,2020-09-15,2020-09-14T18:30:00.000Z,2020-09-15T12:00:36.822Z,2020-09-15T12:00:36.822Z,0,47.01,15-Sep-2020,,
192,5f61fe80881ad000082d4bc7,IBULISL,EQ,N,47.85,46.1,47.0,46.6,46.75,46.85,71362,3357314.0,150.5,31.0,549,INE126M01010,2020-09-16,2020-09-15T18:30:00.000Z,2020-09-16T12:01:04.702Z,2020-09-16T12:01:04.702Z,0,47.05,16-Sep-2020,,
193,5f6350004bb3370008cc1beb,IBULISL,EQ,N,47.0,46.0,46.7,46.45,46.2,46.6,56362,2619012.95,150.5,31.0,573,INE126M01010,2020-09-17,2020-09-16T18:30:00.000Z,2020-09-17T12:01:04.566Z,2020-09-17T12:01:04.566Z,0,46.47,17-Sep-2020,,
194,5f64a180b3e7590008061cc9,IBULISL,EQ,N,47.0,45.0,46.7,45.5,45.25,46.45,67133,3096962.5,150.5,31.0,691,INE126M01010,2020-09-18,2020-09-17T18:30:00.000Z,2020-09-18T12:01:04.566Z,2020-09-18T12:01:04.566Z,0,46.13,18-Sep-2020,,
195,5f6895e238ec4f0008c0fbd9,IBULISL,EQ,N,46.0,43.25,46.0,43.25,43.25,45.5,146549,6429751.65,150.5,31.0,980,INE126M01010,2020-09-21,2020-09-20T18:30:00.000Z,2020-09-21T12:00:34.877Z,2020-09-21T12:00:34.877Z,0,43.87,21-Sep-2020,,
196,5f69e78095ff530008e3931e,IBULISL,EQ,N,43.0,41.1,41.55,41.1,41.1,43.25,60241,2479067.7,150.5,31.0,357,INE126M01010,2020-09-22,2020-09-21T18:30:00.000Z,2020-09-22T12:01:04.457Z,2020-09-22T12:01:04.457Z,0,41.15,22-Sep-2020,,
197,5f6b38e378ccfd0008ab0469,IBULISL,EQ,N,42.7,39.3,42.0,40.6,40.45,41.1,179498,7284878.1,150.5,31.0,1691,INE126M01010,2020-09-23,2020-09-22T18:30:00.000Z,2020-09-23T12:00:35.823Z,2020-09-23T12:00:35.823Z,0,40.58,23-Sep-2020,,
198,5f6c8a6295ff530008e39ce9,IBULISL,EQ,N,40.2,38.6,40.2,38.6,38.6,40.6,109242,4253186.4,150.5,31.0,886,INE126M01010,2020-09-24,2020-09-23T18:30:00.000Z,2020-09-24T12:00:34.096Z,2020-09-24T12:00:34.096Z,0,38.93,24-Sep-2020,,
199,5f6ddbe61f5dbf0008782f43,IBULISL,EQ,N,40.0,37.8,39.6,38.6,38.95,38.6,183831,7120771.95,150.5,31.0,1324,INE126M01010,2020-09-25,2020-09-24T18:30:00.000Z,2020-09-25T12:00:38.079Z,2020-09-25T12:00:38.079Z,0,38.74,25-Sep-2020,,
200,5f71d05e95ff530008e3aa7f,IBULISL,EQ,N,40.5,39.0,39.9,40.5,40.5,38.6,117271,4705706.6,146.5,31.0,583,INE126M01010,2020-09-28,2020-09-27T18:30:00.000Z,2020-09-28T12:00:30.809Z,2020-09-28T12:00:30.809Z,0,40.13,28-Sep-2020,,
201,5f7321e36c37890008e1bdcc,IBULISL,EQ,N,42.35,39.4,41.8,41.7,41.65,40.5,169689,6943965.4,146.5,31.0,1079,INE126M01010,2020-09-29,2020-09-28T18:30:00.000Z,2020-09-29T12:00:35.853Z,2020-09-29T12:00:35.853Z,0,40.92,29-Sep-2020,,
202,5f747368da1e160008e26271,IBULISL,EQ,N,42.85,40.3,41.75,41.1,40.9,41.7,158167,6516999.05,146.5,31.0,919,INE126M01010,2020-09-30,2020-09-29T18:30:00.000Z,2020-09-30T12:00:40.010Z,2020-09-30T12:00:40.010Z,0,41.2,30-Sep-2020,,
203,5f75c4dee6999100084e77f3,IBULISL,EQ,N,42.65,41.0,41.1,41.7,41.8,41.1,74721,3104680.35,146.5,31.0,587,INE126M01010,2020-10-01,2020-09-30T18:30:00.000Z,2020-10-01T12:00:30.946Z,2020-10-01T12:00:30.946Z,0,41.55,01-Oct-2020,,
204,5f7b0b0052d75a0008b5679f,IBULISL,EQ,N,43.75,41.75,42.4,43.75,43.75,41.7,155996,6721683.8,146.5,31.0,772,INE126M01010,2020-10-05,2020-10-04T18:30:00.000Z,2020-10-05T12:01:04.486Z,2020-10-05T12:01:04.486Z,0,43.09,05-Oct-2020,,
205,5f7c5c7ffcd97000094093f7,IBULISL,EQ,N,45.9,45.1,45.7,45.9,45.9,43.75,51945,2377710.7,146.5,31.0,258,INE126M01010,2020-10-06,2020-10-05T18:30:00.000Z,2020-10-06T12:01:03.837Z,2020-10-06T12:01:03.837Z,0,45.77,06-Oct-2020,,
206,5f7dade43e35d40008457f5c,IBULISL,EQ,N,48.15,47.75,48.15,48.15,48.15,45.9,173262,8341676.5,146.5,31.0,468,INE126M01010,2020-10-07,2020-10-06T18:30:00.000Z,2020-10-07T12:00:36.922Z,2020-10-07T12:00:36.922Z,0,48.14,07-Oct-2020,,
207,5f7eff803492d40008f03619,IBULISL,EQ,N,52.95,48.6,52.95,49.0,49.25,48.15,447453,22804099.6,146.5,31.0,2453,INE126M01010,2020-10-08,2020-10-07T18:30:00.000Z,2020-10-08T12:01:04.036Z,2020-10-08T12:01:04.036Z,0,50.96,08-Oct-2020,,
208,5f8050ff547d2f00083f3bcd,IBULISL,EQ,N,49.7,46.0,49.7,46.75,46.85,49.0,160292,7534800.7,146.5,31.0,1099,INE126M01010,2020-10-09,2020-10-08T18:30:00.000Z,2020-10-09T12:01:03.892Z,2020-10-09T12:01:03.892Z,0,47.01,09-Oct-2020,,
209,5f844565547d2f00083f4c7c,IBULISL,EQ,N,50.55,45.6,46.75,46.8,46.5,46.75,226859,11008497.45,146.5,31.0,1625,INE126M01010,2020-10-12,2020-10-11T18:30:00.000Z,2020-10-12T12:00:37.355Z,2020-10-12T12:00:37.355Z,0,48.53,12-Oct-2020,,
210,5f859702547d2f00083f5585,IBULISL,EQ,N,47.5,43.9,46.8,44.35,44.2,46.8,223003,10155687.1,146.5,31.0,1594,INE126M01010,2020-10-13,2020-10-12T18:30:00.000Z,2020-10-13T12:01:06.237Z,2020-10-13T12:01:06.237Z,0,45.54,13-Oct-2020,,
211,5f86e880e47ceb0008d0213b,IBULISL,EQ,N,46.45,43.1,44.75,45.4,45.55,44.35,82252,3673485.05,146.5,31.0,918,INE126M01010,2020-10-14,2020-10-13T18:30:00.000Z,2020-10-14T12:01:04.408Z,2020-10-14T12:01:04.408Z,0,44.66,14-Oct-2020,,
212,5f883a00a4af9700083433fb,IBULISL,EQ,N,47.15,44.05,45.9,44.65,44.7,45.4,93024,4256662.4,146.5,31.0,733,INE126M01010,2020-10-15,2020-10-14T18:30:00.000Z,2020-10-15T12:01:04.131Z,2020-10-15T12:01:04.131Z,0,45.76,15-Oct-2020,,
213,5f898b61a4af970008343d2b,IBULISL,EQ,N,45.75,44.0,44.0,44.9,45.0,44.65,74561,3344429.55,146.5,31.0,694,INE126M01010,2020-10-16,2020-10-15T18:30:00.000Z,2020-10-16T12:00:33.981Z,2020-10-16T12:00:33.981Z,0,44.85,16-Oct-2020,,
214,5f8d7fddf1c69e000850b684,IBULISL,EQ,N,49.35,45.05,47.4,49.35,49.35,44.9,278656,13633420.45,146.5,31.0,961,INE126M01010,2020-10-19,2020-10-18T18:30:00.000Z,2020-10-19T12:00:29.099Z,2020-10-19T12:00:29.099Z,0,48.93,19-Oct-2020,,
215,5f8ed164f1c69e000850bf7d,IBULISL,EQ,N,54.25,52.0,52.0,54.25,54.25,49.35,283287,15191356.25,146.5,31.0,723,INE126M01010,2020-10-20,2020-10-19T18:30:00.000Z,2020-10-20T12:00:36.030Z,2020-10-20T12:00:36.030Z,0,53.63,20-Oct-2020,,
216,5f9023009b381a00088ff5c5,IBULISL,EQ,N,59.65,52.15,59.65,56.2,56.0,54.25,1416174,79783326.4,146.5,31.0,9594,INE126M01010,2020-10-21,2020-10-20T18:30:00.000Z,2020-10-21T12:01:04.367Z,2020-10-21T12:01:04.367Z,0,56.34,21-Oct-2020,,
217,5f9174625967e700081874f3,IBULISL,EQ,N,57.7,53.05,56.3,53.9,53.9,56.2,331039,18195755.9,146.5,31.0,2480,INE126M01010,2020-10-22,2020-10-21T18:30:00.000Z,2020-10-22T12:00:34.606Z,2020-10-22T12:00:34.606Z,0,54.97,22-Oct-2020,,
218,5f92c5e41ae58c000825f92a,IBULISL,EQ,N,59.25,53.95,54.0,59.25,59.25,53.9,515337,29461911.4,146.5,31.0,2635,INE126M01010,2020-10-23,2020-10-22T18:30:00.000Z,2020-10-23T12:00:36.839Z,2020-10-23T12:00:36.839Z,0,57.17,23-Oct-2020,,
219,5f3bc2e6d70352000883006d,IBULISL,EQ,N,50.2,47.5,50.2,48.1,47.95,49.0,99236,4778027.3,208.45,31.0,1153,INE126M01010,2020-08-18,2020-08-17T18:30:00.000Z,2020-08-18T12:00:38.149Z,2020-08-18T12:00:38.149Z,0,48.15,18-Aug-2020,,
220,5f3d146417a2ec00084dc5e0,IBULISL,EQ,N,48.55,47.0,48.55,47.35,47.15,48.1,138470,6587738.1,208.45,31.0,1058,INE126M01010,2020-08-19,2020-08-18T18:30:00.000Z,2020-08-19T12:00:36.790Z,2020-08-19T12:00:36.790Z,0,47.58,19-Aug-2020,,
221,5f3e65dfd840aa0008bc80af,IBULISL,EQ,N,47.75,45.3,46.85,46.2,46.65,47.35,145342,6781923.25,199.95,31.0,1630,INE126M01010,2020-08-20,2020-08-19T18:30:00.000Z,2020-08-20T12:00:31.962Z,2020-08-20T12:00:31.962Z,0,46.66,20-Aug-2020,,
222,5f3fb78027c1bc00089035ef,IBULISL,EQ,N,47.7,45.55,47.1,46.1,45.8,46.2,169870,7884948.35,174.2,31.0,1635,INE126M01010,2020-08-21,2020-08-20T18:30:00.000Z,2020-08-21T12:01:05.020Z,2020-08-21T12:01:05.020Z,0,46.42,21-Aug-2020,,
223,5f43abe3517338000877a1ba,IBULISL,EQ,N,48.4,45.0,46.75,48.05,48.4,46.1,603666,28912933.95,150.5,31.0,3373,INE126M01010,2020-08-24,2020-08-23T18:30:00.000Z,2020-08-24T12:00:35.690Z,2020-08-24T12:00:35.690Z,0,47.9,24-Aug-2020,,
224,5f44fd80398e530008cbeaf1,IBULISL,EQ,N,50.45,48.5,48.85,50.1,50.35,48.05,671357,33549022.65,150.5,31.0,3997,INE126M01010,2020-08-25,2020-08-24T18:30:00.000Z,2020-08-25T12:01:04.254Z,2020-08-25T12:01:04.254Z,0,49.97,25-Aug-2020,,
225,5f464f00dc93e90008a1534f,IBULISL,EQ,N,52.6,50.75,50.8,52.6,52.6,50.1,875853,45938832.9,150.5,31.0,2515,INE126M01010,2020-08-26,2020-08-25T18:30:00.000Z,2020-08-26T12:01:04.275Z,2020-08-26T12:01:04.275Z,0,52.45,26-Aug-2020,,
226,5f47a07fd038060009fe16cc,IBULISL,EQ,N,55.2,53.0,55.2,54.45,53.15,52.6,1545666,84879367.6,150.5,31.0,6119,INE126M01010,2020-08-27,2020-08-26T18:30:00.000Z,2020-08-27T12:01:03.978Z,2020-08-27T12:01:03.978Z,0,54.91,27-Aug-2020,,
227,5f48f1de4f56cd000843ddfd,IBULISL,EQ,N,56.95,52.1,54.55,52.65,52.6,54.45,743944,40132601.55,150.5,31.0,3279,INE126M01010,2020-08-28,2020-08-27T18:30:00.000Z,2020-08-28T12:00:30.057Z,2020-08-28T12:00:30.057Z,0,53.95,28-Aug-2020,,
228,5f4ce66658b0e900090861bf,IBULISL,EQ,N,54.35,50.05,53.0,50.05,50.05,52.65,324309,16550233.7,150.5,31.0,1440,INE126M01010,2020-08-31,2020-08-30T18:30:00.000Z,2020-08-31T12:00:38.613Z,2020-08-31T12:00:38.613Z,0,51.03,31-Aug-2020,,
229,5f4e37e3ebde4f0009f915b1,IBULISL,EQ,N,50.6,47.6,48.1,47.85,48.05,50.05,198422,9645479.4,150.5,31.0,1270,INE126M01010,2020-09-01,2020-08-31T18:30:00.000Z,2020-09-01T12:00:35.145Z,2020-09-01T12:00:35.145Z,0,48.61,01-Sep-2020,,
230,5f4f8980f5452d0008a051ce,IBULISL,EQ,N,49.2,47.2,48.2,48.9,49.05,47.85,98205,4720701.35,150.5,31.0,673,INE126M01010,2020-09-02,2020-09-01T18:30:00.000Z,2020-09-02T12:01:04.704Z,2020-09-02T12:01:04.704Z,0,48.07,02-Sep-2020,,
231,5f50db012a3f71000842c907,IBULISL,EQ,N,50.1,48.2,48.2,48.85,48.65,48.9,107566,5279318.95,150.5,31.0,800,INE126M01010,2020-09-03,2020-09-02T18:30:00.000Z,2020-09-03T12:01:05.025Z,2020-09-03T12:01:05.025Z,0,49.08,03-Sep-2020,,
232,5f522c808562d40008453ca5,IBULISL,EQ,N,47.8,46.45,46.6,46.85,47.1,48.85,217885,10242176.35,150.5,31.0,1130,INE126M01010,2020-09-04,2020-09-03T18:30:00.000Z,2020-09-04T12:01:04.610Z,2020-09-04T12:01:04.610Z,0,47.01,04-Sep-2020,,
233,5f5620e49db6d40008c4e560,IBULISL,EQ,N,49.0,46.05,46.25,48.25,48.35,46.85,172523,8283237.95,150.5,31.0,1272,INE126M01010,2020-09-07,2020-09-06T18:30:00.000Z,2020-09-07T12:00:36.066Z,2020-09-07T12:00:36.066Z,0,48.01,07-Sep-2020,,
234,5f5772635c8f3c0008c946d3,IBULISL,EQ,N,50.6,47.3,48.35,47.75,48.2,48.25,245317,12078238.7,150.5,31.0,1659,INE126M01010,2020-09-08,2020-09-07T18:30:00.000Z,2020-09-08T12:00:35.282Z,2020-09-08T12:00:35.282Z,0,49.24,08-Sep-2020,,
235,5f58c3e5fb95de00085ab638,IBULISL,EQ,N,47.2,45.8,47.0,46.45,46.5,47.75,108946,5046249.9,150.5,31.0,847,INE126M01010,2020-09-09,2020-09-08T18:30:00.000Z,2020-09-09T12:00:37.025Z,2020-09-09T12:00:37.025Z,0,46.32,09-Sep-2020,,
236,5f5a155e3390f6000817c530,IBULISL,EQ,N,48.25,45.6,47.0,46.9,47.0,46.45,165746,7769841.25,150.5,31.0,1039,INE126M01010,2020-09-10,2020-09-09T18:30:00.000Z,2020-09-10T12:00:30.197Z,2020-09-10T12:00:30.197Z,0,46.88,10-Sep-2020,,
237,5f5b66e6b1bd6300081d8134,IBULISL,EQ,N,47.35,46.5,47.35,46.7,47.15,46.9,51752,2424734.65,150.5,31.0,450,INE126M01010,2020-09-11,2020-09-10T18:30:00.000Z,2020-09-11T12:00:38.240Z,2020-09-11T12:00:38.240Z,0,46.85,11-Sep-2020,,
238,5f5f5b65d8f5e500081a92c3,IBULISL,EQ,N,48.75,46.4,46.9,46.9,47.0,46.7,141384,6729952.05,150.5,31.0,915,INE126M01010,2020-09-14,2020-09-13T18:30:00.000Z,2020-09-14T12:00:37.659Z,2020-09-14T12:00:37.659Z,0,47.6,14-Sep-2020,,
239,5ec2790e5b32f10008a59378,IBULISL,EQ,N,38.5,35.95,38.5,36.0,35.95,37.8,122861,4469792.7,313.2,35.95,1487,INE126M01010,2020-05-18,2020-05-17T18:30:00.000Z,2020-05-18T12:01:18.459Z,2020-05-18T12:01:18.459Z,0,36.38,18-May-2020,,
240,5ec3ca637ac81d00085e18e6,IBULISL,EQ,N,36.8,34.3,36.8,35.0,34.8,36.0,115358,4097893.8,313.2,34.3,1175,INE126M01010,2020-05-19,2020-05-18T18:30:00.000Z,2020-05-19T12:00:35.860Z,2020-05-19T12:00:35.860Z,0,35.52,19-May-2020,,
241,5ec51c00d776c7000837ef53,IBULISL,EQ,N,35.45,33.55,34.2,33.9,33.95,35.0,139299,4769046.35,313.2,33.55,1203,INE126M01010,2020-05-20,2020-05-19T18:30:00.000Z,2020-05-20T12:01:04.211Z,2020-05-20T12:01:04.211Z,0,34.24,20-May-2020,,
242,5ec66d6393ecae00085c0fcc,IBULISL,EQ,N,34.4,33.25,33.9,33.95,34.0,33.9,119180,4042933.85,313.2,33.25,1184,INE126M01010,2020-05-21,2020-05-20T18:30:00.000Z,2020-05-21T12:00:35.750Z,2020-05-21T12:00:35.750Z,0,33.92,21-May-2020,,
243,5ec7beff7e6cba0008f8e073,IBULISL,EQ,N,34.2,32.6,33.95,33.35,33.6,33.95,102566,3438681.05,313.2,32.6,913,INE126M01010,2020-05-22,2020-05-21T18:30:00.000Z,2020-05-22T12:01:03.488Z,2020-05-22T12:01:03.488Z,0,33.53,22-May-2020,,
244,5ecd04e10f5c2100084bbf0a,IBULISL,EQ,N,34.25,31.9,33.7,32.25,32.15,33.35,176201,5751973.2,308.1,31.9,1091,INE126M01010,2020-05-26,2020-05-25T18:30:00.000Z,2020-05-26T12:00:33.824Z,2020-05-26T12:00:33.824Z,0,32.64,26-May-2020,,
245,5ece567f2e488c00082ac97d,IBULISL,EQ,N,33.85,31.0,32.2,32.45,32.7,32.25,634207,20796948.15,308.1,31.0,3351,INE126M01010,2020-05-27,2020-05-26T18:30:00.000Z,2020-05-27T12:01:03.725Z,2020-05-27T12:01:03.725Z,0,32.79,27-May-2020,,
246,5ecfa7ff413b6c0008209047,IBULISL,EQ,N,34.05,31.25,33.0,33.7,33.4,32.45,545313,18229730.05,308.1,31.0,2717,INE126M01010,2020-05-28,2020-05-27T18:30:00.000Z,2020-05-28T12:01:03.844Z,2020-05-28T12:01:03.844Z,0,33.43,28-May-2020,,
247,5ed0fd07623c1d00084ef5f3,IBULISL,EQ,N,34.6,32.05,33.8,32.25,32.25,33.7,429480,14067949.8,308.1,31.0,2510,INE126M01010,2020-05-29,2020-05-28T18:30:00.000Z,2020-05-29T12:16:07.361Z,2020-05-29T12:16:07.361Z,0,32.76,29-May-2020,,
248,5ed4edff76f1980008126de7,IBULISL,EQ,N,33.7,32.35,32.95,33.2,33.2,32.25,250540,8305875.3,294.65,31.0,1871,INE126M01010,2020-06-01,2020-05-31T18:30:00.000Z,2020-06-01T12:01:03.848Z,2020-06-01T12:01:03.848Z,0,33.15,01-Jun-2020,,
249,5ee7672da27a6a0008c9ec4f,IBULISL,EQ,N,33.95,32.2,33.95,32.9,32.9,33.2,563846,18513187.9,294.65,31.0,2388,INE126M01010,2020-06-02,2020-06-01T18:30:00.000Z,2020-06-15T12:19:02.373Z,2020-06-15T12:19:02.373Z,0,32.83,02-Jun-2020,,
250,5ed791017a1af200085d06aa,IBULISL,EQ,N,33.35,32.55,33.35,32.85,32.9,32.9,652390,21514896.95,294.65,31.0,2629,INE126M01010,2020-06-03,2020-06-02T18:30:00.000Z,2020-06-03T12:01:05.023Z,2020-06-03T12:01:05.023Z,0,32.98,03-Jun-2020,,
251,5ed8e2644439fd00085127ee,IBULISL,EQ,N,33.3,32.35,33.0,32.6,32.5,32.85,227596,7450880.3,294.65,31.0,1323,INE126M01010,2020-06-04,2020-06-03T18:30:00.000Z,2020-06-04T12:00:36.666Z,2020-06-04T12:00:36.666Z,0,32.74,04-Jun-2020,,
252,5eda340044f13100088b579f,IBULISL,EQ,N,35.85,32.6,33.1,35.85,35.85,32.6,740446,25696002.9,294.65,31.0,1980,INE126M01010,2020-06-05,2020-06-04T18:30:00.000Z,2020-06-05T12:01:04.188Z,2020-06-05T12:01:04.188Z,0,34.7,05-Jun-2020,,
253,5ef243cbb998c10008afc8a9,IBULISL,EQ,N,39.4,37.0,39.0,39.4,39.4,35.85,636775,24839000.75,281.0,31.0,1890,INE126M01010,2020-06-08,2020-06-07T18:30:00.000Z,2020-06-23T18:02:51.843Z,2020-06-23T18:02:51.843Z,0,39.01,08-Jun-2020,,
254,5ef243e0ba3ac100096f1665,IBULISL,EQ,N,43.3,41.1,43.3,43.3,43.3,39.4,721537,31059923.75,281.0,31.0,3048,INE126M01010,2020-06-09,2020-06-08T18:30:00.000Z,2020-06-23T18:03:12.597Z,2020-06-23T18:03:12.597Z,0,43.05,09-Jun-2020,,
255,5ef24476f328a00008db09b3,IBULISL,EQ,N,45.45,43.55,44.85,45.45,45.45,43.3,293231,13272898.1,281.0,31.0,792,INE126M01010,2020-06-10,2020-06-09T18:30:00.000Z,2020-06-23T18:05:42.451Z,2020-06-23T18:05:42.451Z,0,45.26,10-Jun-2020,,
256,5ef2444cc4ea2e0008a74d86,IBULISL,EQ,N,47.7,44.1,47.7,46.2,46.2,45.45,676806,31749755.9,281.0,31.0,2635,INE126M01010,2020-06-11,2020-06-10T18:30:00.000Z,2020-06-23T18:05:00.777Z,2020-06-23T18:05:00.777Z,0,46.91,11-Jun-2020,,
257,5ee36ebaf0beca000932bf61,IBULISL,EQ,N,47.05,43.9,43.9,46.4,46.3,46.2,519622,23437612.3,281.0,31.0,3031,INE126M01010,2020-06-12,2020-06-11T18:30:00.000Z,2020-06-12T12:02:02.726Z,2020-06-12T12:02:02.726Z,0,45.11,12-Jun-2020,,
258,5ee768dcfdc386000899acfb,IBULISL,EQ,N,48.35,44.3,48.35,44.65,44.65,46.4,310787,14066139.15,226.0,31.0,1968,INE126M01010,2020-06-15,2020-06-14T18:30:00.000Z,2020-06-15T12:26:04.756Z,2020-06-15T12:26:04.756Z,0,45.26,15-Jun-2020,,
259,5ee8b4766ad8fa00085c1e28,IBULISL,EQ,N,46.5,42.45,46.0,42.5,42.45,44.65,281949,12300164.0,226.0,31.0,1719,INE126M01010,2020-06-16,2020-06-15T18:30:00.000Z,2020-06-16T12:00:54.924Z,2020-06-16T12:00:54.924Z,0,43.63,16-Jun-2020,,
260,5eea05e746247b0008306541,IBULISL,EQ,N,42.25,40.4,41.3,40.65,40.55,42.5,233648,9604688.15,226.0,31.0,2485,INE126M01010,2020-06-17,2020-06-16T18:30:00.000Z,2020-06-17T12:00:40.010Z,2020-06-17T12:00:40.010Z,0,41.11,17-Jun-2020,,
261,5e8c6b7f097b5b00085aca08,IBULISL,EQ,N,40.2,36.7,38.3,38.5,39.55,38.6,508936,19081681.6,376.3,36.7,2686,INE126M01010,2020-04-07,2020-04-06T18:30:00.000Z,2020-04-07T12:01:03.528Z,2020-04-07T12:01:03.528Z,0,37.49,07-Apr-2020,,
262,5e8dbd002b81d000080d1521,IBULISL,EQ,N,40.4,36.65,36.65,40.3,40.4,38.5,333467,13088547.15,376.3,36.65,2656,INE126M01010,2020-04-08,2020-04-07T18:30:00.000Z,2020-04-08T12:01:04.111Z,2020-04-08T12:01:04.111Z,0,39.25,08-Apr-2020,,
263,5e8f0e7f9f28990008153d34,IBULISL,EQ,N,42.3,40.65,42.3,42.3,42.3,40.3,60359,2546174.3,376.3,36.65,333,INE126M01010,2020-04-09,2020-04-08T18:30:00.000Z,2020-04-09T12:01:03.428Z,2020-04-09T12:01:03.428Z,0,42.18,09-Apr-2020,,
264,5e94547f328a5900084155a1,IBULISL,EQ,N,44.4,40.2,44.4,41.2,41.25,42.3,524694,22100368.6,355.05,36.65,2821,INE126M01010,2020-04-13,2020-04-12T18:30:00.000Z,2020-04-13T12:01:03.020Z,2020-04-13T12:01:03.020Z,0,42.12,13-Apr-2020,,
265,5e96f77fd46af300089bd681,IBULISL,EQ,N,43.25,40.5,42.5,42.95,43.25,41.2,176460,7523881.65,355.05,36.65,1489,INE126M01010,2020-04-15,2020-04-14T18:30:00.000Z,2020-04-15T12:01:03.141Z,2020-04-15T12:01:03.141Z,0,42.64,15-Apr-2020,,
266,5e9848e2cd402800080de91e,IBULISL,EQ,N,45.05,41.25,43.4,45.05,45.05,42.95,129288,5802298.35,355.05,36.65,445,INE126M01010,2020-04-16,2020-04-15T18:30:00.000Z,2020-04-16T12:00:34.722Z,2020-04-16T12:00:34.722Z,0,44.88,16-Apr-2020,,
267,5e999a5cd9a83d0008a9bdd4,IBULISL,EQ,N,47.3,45.05,47.3,47.3,47.3,45.05,220236,10388097.95,355.05,36.65,802,INE126M01010,2020-04-17,2020-04-16T18:30:00.000Z,2020-04-17T12:00:28.749Z,2020-04-17T12:00:28.749Z,0,47.17,17-Apr-2020,,
268,5e9d8effea7d82000850d813,IBULISL,EQ,N,49.65,47.3,49.65,49.65,49.65,47.3,359934,17839088.7,350.95,36.65,1159,INE126M01010,2020-04-20,2020-04-19T18:30:00.000Z,2020-04-20T12:01:03.747Z,2020-04-20T12:01:03.747Z,0,49.56,20-Apr-2020,,
269,5e9ee0642fa7f400080fefbf,IBULISL,EQ,N,49.7,47.2,49.7,47.2,47.2,49.65,297934,14230574.55,350.95,36.65,1758,INE126M01010,2020-04-21,2020-04-20T18:30:00.000Z,2020-04-21T12:00:36.614Z,2020-04-21T12:00:36.614Z,0,47.76,21-Apr-2020,,
270,5ea031e229938c0008a2bd18,IBULISL,EQ,N,49.5,44.85,46.9,48.05,48.1,47.2,310270,14858102.75,350.95,36.65,2290,INE126M01010,2020-04-22,2020-04-21T18:30:00.000Z,2020-04-22T12:00:34.630Z,2020-04-22T12:00:34.630Z,0,47.89,22-Apr-2020,,
271,5ea1837ff581ca0008bae46c,IBULISL,EQ,N,50.0,48.1,48.95,49.6,49.6,48.05,227146,11239920.95,350.95,36.65,1937,INE126M01010,2020-04-23,2020-04-22T18:30:00.000Z,2020-04-23T12:01:03.504Z,2020-04-23T12:01:03.504Z,0,49.48,23-Apr-2020,,
272,5ea2d4ff98bd860008322986,IBULISL,EQ,N,49.2,47.15,48.05,47.15,47.15,49.6,87203,4194456.8,350.95,36.65,960,INE126M01010,2020-04-24,2020-04-23T18:30:00.000Z,2020-04-24T12:01:03.659Z,2020-04-24T12:01:03.659Z,0,48.1,24-Apr-2020,,
273,5ea6c964544ba90008e89986,IBULISL,EQ,N,48.0,45.2,47.8,46.4,46.3,47.15,122065,5739335.65,315.7,36.65,1541,INE126M01010,2020-04-27,2020-04-26T18:30:00.000Z,2020-04-27T12:00:36.142Z,2020-04-27T12:00:36.142Z,0,47.02,27-Apr-2020,,
274,5ea81ae344c8c20008e52629,IBULISL,EQ,N,47.5,44.1,47.5,44.45,44.6,46.4,162853,7271984.9,315.7,36.65,1142,INE126M01010,2020-04-28,2020-04-27T18:30:00.000Z,2020-04-28T12:00:35.997Z,2020-04-28T12:00:35.997Z,0,44.65,28-Apr-2020,,
275,5ea96c63e9c5d6000806b318,IBULISL,EQ,N,45.35,42.7,45.25,43.8,43.8,44.45,294585,13005324.25,315.7,36.65,2643,INE126M01010,2020-04-29,2020-04-28T18:30:00.000Z,2020-04-29T12:00:35.913Z,2020-04-29T12:00:35.913Z,0,44.15,29-Apr-2020,,
276,5eaabddd4a869300089a8e02,IBULISL,EQ,N,45.8,43.3,45.0,43.8,43.8,43.8,304661,13597043.0,315.7,36.65,2027,INE126M01010,2020-04-30,2020-04-29T18:30:00.000Z,2020-04-30T12:00:29.059Z,2020-04-30T12:00:29.059Z,0,44.63,30-Apr-2020,,
277,5ef24559b9601200082d86aa,IBULISL,EQ,N,43.0,41.65,42.0,41.65,41.65,43.8,89789,3752405.9,313.2,36.65,721,INE126M01010,2020-05-04,2020-05-03T18:30:00.000Z,2020-06-23T18:09:29.755Z,2020-06-23T18:09:29.755Z,0,41.79,04-May-2020,,
278,5ece2fbca7d70700082386da,IBULISL,EQ,N,42.95,39.6,42.0,39.6,39.6,41.65,178496,7253585.2,313.2,36.65,980,INE126M01010,2020-05-05,2020-05-04T18:30:00.000Z,2020-05-27T09:15:40.377Z,2020-05-27T09:15:40.377Z,0,40.64,05-May-2020,,
279,5eb2a6e36952ee0008288ae8,IBULISL,EQ,N,40.3,37.65,37.7,37.65,37.8,39.6,383009,14621157.6,313.2,36.65,1810,INE126M01010,2020-05-06,2020-05-05T18:30:00.000Z,2020-05-06T12:00:35.035Z,2020-05-06T12:00:35.035Z,0,38.17,06-May-2020,,
280,5eb3f85c5bbde20008dc3de3,IBULISL,EQ,N,39.5,36.55,36.75,38.9,39.0,37.65,384251,14798720.05,313.2,36.55,2993,INE126M01010,2020-05-07,2020-05-06T18:30:00.000Z,2020-05-07T12:00:28.253Z,2020-05-07T12:00:28.253Z,0,38.51,07-May-2020,,
281,5eb549dfd994850008368121,IBULISL,EQ,N,40.0,38.45,40.0,38.75,38.6,38.9,196684,7717857.95,313.2,36.55,1764,INE126M01010,2020-05-08,2020-05-07T18:30:00.000Z,2020-05-08T12:00:31.101Z,2020-05-08T12:00:31.101Z,0,39.24,08-May-2020,,
282,5eb93e6293bc02000807a0d6,IBULISL,EQ,N,39.65,38.25,39.5,38.5,38.8,38.75,119234,4655347.75,313.2,36.55,1605,INE126M01010,2020-05-11,2020-05-10T18:30:00.000Z,2020-05-11T12:00:34.182Z,2020-05-11T12:00:34.182Z,0,39.04,11-May-2020,,
283,5eba8fe2dad6ca0008e06a93,IBULISL,EQ,N,38.8,36.8,38.8,37.55,37.6,38.5,115119,4296654.25,313.2,36.55,1029,INE126M01010,2020-05-12,2020-05-11T18:30:00.000Z,2020-05-12T12:00:34.670Z,2020-05-12T12:00:34.670Z,0,37.32,12-May-2020,,
284,5ebbe162f79ef100088a7680,IBULISL,EQ,N,39.35,37.7,39.25,37.95,37.75,37.55,248691,9568702.15,313.2,36.55,1900,INE126M01010,2020-05-13,2020-05-12T18:30:00.000Z,2020-05-13T12:00:34.567Z,2020-05-13T12:00:34.567Z,0,38.48,13-May-2020,,
285,5ebd32e2b7d0c80008e47432,IBULISL,EQ,N,38.75,36.6,37.95,37.5,37.5,37.95,162997,6160920.35,313.2,36.55,1267,INE126M01010,2020-05-14,2020-05-13T18:30:00.000Z,2020-05-14T12:00:34.918Z,2020-05-14T12:00:34.918Z,0,37.8,14-May-2020,,
286,5ebe847fc738bf0008c4dc33,IBULISL,EQ,N,38.7,36.05,38.3,37.8,37.9,37.5,136003,5133221.75,313.2,36.05,1375,INE126M01010,2020-05-15,2020-05-14T18:30:00.000Z,2020-05-15T12:01:03.273Z,2020-05-15T12:01:03.273Z,0,37.74,15-May-2020,,
287,5e57af63a6a62e0008780590,IBULISL,EQ,N,106.7,97.65,102.9,98.2,98.45,102.75,210492,20665867.55,376.3,52.55,1297,INE126M01010,2020-02-27,2020-02-26T18:30:00.000Z,2020-02-27T12:00:35.185Z,2020-02-27T12:00:35.185Z,0,98.18,27-Feb-2020,,
288,5e5900e3ce0adf0008888c7f,IBULISL,EQ,N,95.75,93.3,95.0,93.3,93.3,98.2,173139,16202018.8,376.3,52.55,1043,INE126M01010,2020-02-28,2020-02-27T18:30:00.000Z,2020-02-28T12:00:35.870Z,2020-02-28T12:00:35.870Z,0,93.58,28-Feb-2020,,
289,5e5cf57f9e55a200083f5522,IBULISL,EQ,N,97.95,94.4,97.95,95.45,95.9,93.3,125708,12230285.3,376.3,52.55,627,INE126M01010,2020-03-02,2020-03-01T18:30:00.000Z,2020-03-02T12:01:03.087Z,2020-03-02T12:01:03.087Z,0,97.29,02-Mar-2020,,
290,5e5e46dc599ecf000839519a,IBULISL,EQ,N,100.2,96.0,96.0,99.85,100.2,95.45,131102,12979233.15,376.3,52.55,1331,INE126M01010,2020-03-03,2020-03-02T18:30:00.000Z,2020-03-03T12:00:28.366Z,2020-03-03T12:00:28.366Z,0,99.0,03-Mar-2020,,
291,5e5f9861e28dc70008eebc4d,IBULISL,EQ,N,104.05,98.4,101.8,100.4,101.0,99.85,174514,17612144.85,376.3,52.55,3906,INE126M01010,2020-03-04,2020-03-03T18:30:00.000Z,2020-03-04T12:00:33.712Z,2020-03-04T12:00:33.712Z,0,100.92,04-Mar-2020,,
292,5e60e9e13022d700085017e2,IBULISL,EQ,N,103.5,100.05,101.6,101.45,101.0,100.4,71630,7312443.3,376.3,52.55,1165,INE126M01010,2020-03-05,2020-03-04T18:30:00.000Z,2020-03-05T12:00:33.532Z,2020-03-05T12:00:33.532Z,0,102.09,05-Mar-2020,,
293,5e623b6113351a000888f8ab,IBULISL,EQ,N,97.0,96.4,96.4,96.4,96.4,101.45,54454,5253988.35,376.3,52.55,348,INE126M01010,2020-03-06,2020-03-05T18:30:00.000Z,2020-03-06T12:00:33.656Z,2020-03-06T12:00:33.656Z,0,96.48,06-Mar-2020,,
294,5e662fff9fa524000822b9db,IBULISL,EQ,N,91.65,91.6,91.65,91.6,91.6,96.4,6249,572412.65,376.3,52.55,60,INE126M01010,2020-03-09,2020-03-08T18:30:00.000Z,2020-03-09T12:01:03.418Z,2020-03-09T12:01:03.418Z,0,91.6,09-Mar-2020,,
295,5e68d2dc5def9e000876c00f,IBULISL,EQ,N,87.05,87.05,87.05,87.05,87.05,91.6,6688,582190.4,376.3,52.55,186,INE126M01010,2020-03-11,2020-03-10T18:30:00.000Z,2020-03-11T12:00:28.966Z,2020-03-11T12:00:28.966Z,0,87.05,11-Mar-2020,,
296,5e6a246427e7a10008ff17d9,IBULISL,EQ,N,82.7,82.7,82.7,82.7,82.7,87.05,1255,103788.5,376.3,52.55,47,INE126M01010,2020-03-12,2020-03-11T18:30:00.000Z,2020-03-12T12:00:36.207Z,2020-03-12T12:00:36.207Z,0,82.7,12-Mar-2020,,
297,5e6b75e12901d300081cf916,IBULISL,EQ,N,78.6,78.6,78.6,78.6,78.6,82.7,7339,576845.4,376.3,52.55,115,INE126M01010,2020-03-13,2020-03-12T18:30:00.000Z,2020-03-13T12:00:33.739Z,2020-03-13T12:00:33.739Z,0,78.6,13-Mar-2020,,
298,5e6f6a7f5de3ae0008ceb273,IBULISL,EQ,N,74.7,74.7,74.7,74.7,74.7,78.6,1378,102936.6,376.3,52.55,52,INE126M01010,2020-03-16,2020-03-15T18:30:00.000Z,2020-03-16T12:01:03.880Z,2020-03-16T12:01:03.880Z,0,74.7,16-Mar-2020,,
299,5e70bbe2c32b4c00086b1440,IBULISL,EQ,N,71.0,71.0,71.0,71.0,71.0,74.7,3923,278533.0,376.3,52.55,75,INE126M01010,2020-03-17,2020-03-16T18:30:00.000Z,2020-03-17T12:00:34.307Z,2020-03-17T12:00:34.307Z,0,71.0,17-Mar-2020,,
300,5e720d658a1f0f0008bf70de,IBULISL,EQ,N,68.95,67.45,67.45,67.45,67.45,71.0,100063,6749823.35,376.3,52.55,225,INE126M01010,2020-03-18,2020-03-17T18:30:00.000Z,2020-03-18T12:00:37.281Z,2020-03-18T12:00:37.281Z,0,67.46,18-Mar-2020,,
301,5e735ede984da20008ffe8fa,IBULISL,EQ,N,64.1,64.1,64.1,64.1,64.1,67.45,39821,2552526.1,376.3,52.55,53,INE126M01010,2020-03-19,2020-03-18T18:30:00.000Z,2020-03-19T12:00:30.497Z,2020-03-19T12:00:30.497Z,0,64.1,19-Mar-2020,,
302,5e74b062f727ea0008e5b1eb,IBULISL,EQ,N,60.9,60.9,60.9,60.9,60.9,64.1,5638,343354.2,376.3,52.55,98,INE126M01010,2020-03-20,2020-03-19T18:30:00.000Z,2020-03-20T12:00:34.217Z,2020-03-20T12:00:34.217Z,0,60.9,20-Mar-2020,,
303,5e78a4e452ea370008a7b942,IBULISL,EQ,N,57.9,57.9,57.9,57.9,57.9,60.9,2155,124774.5,376.3,52.55,58,INE126M01010,2020-03-23,2020-03-22T18:30:00.000Z,2020-03-23T12:00:36.126Z,2020-03-23T12:00:36.126Z,0,57.9,23-Mar-2020,,
304,5e79f67fe7b7180008a9c720,IBULISL,EQ,N,55.05,55.05,55.05,55.05,55.05,57.9,3487,191959.35,376.3,52.55,85,INE126M01010,2020-03-24,2020-03-23T18:30:00.000Z,2020-03-24T12:01:03.213Z,2020-03-24T12:01:03.213Z,0,55.05,24-Mar-2020,,
305,5e7b47ffada1850008e448a0,IBULISL,EQ,N,52.3,52.3,52.3,52.3,52.3,55.05,2832,148113.6,376.3,52.3,100,INE126M01010,2020-03-25,2020-03-24T18:30:00.000Z,2020-03-25T12:01:03.255Z,2020-03-25T12:01:03.255Z,0,52.3,25-Mar-2020,,
306,5e7c997fd2f6610008810d42,IBULISL,EQ,N,52.5,49.7,49.7,49.7,49.7,52.3,506978,25238767.8,376.3,49.7,939,INE126M01010,2020-03-26,2020-03-25T18:30:00.000Z,2020-03-26T12:01:03.455Z,2020-03-26T12:01:03.455Z,0,49.78,26-Mar-2020,,
307,5e7deae32fba8e000887b088,IBULISL,EQ,N,52.15,47.25,47.25,47.25,47.25,49.7,293526,14516118.3,376.3,47.25,1388,INE126M01010,2020-03-27,2020-03-26T18:30:00.000Z,2020-03-27T12:00:35.193Z,2020-03-27T12:00:35.193Z,0,49.45,27-Mar-2020,,
308,5e81dfbeba9bb000080b79a1,IBULISL,EQ,N,44.9,44.9,44.9,44.9,44.9,47.25,51130,2295737.0,376.3,44.9,160,INE126M01010,2020-03-30,2020-03-29T18:30:00.000Z,2020-03-30T12:02:06.278Z,2020-03-30T12:02:06.278Z,0,44.9,30-Mar-2020,,
309,5e8330ffe0c06f00088f8624,IBULISL,EQ,N,44.85,42.7,42.7,42.7,42.7,44.9,445755,19035381.85,376.3,42.7,513,INE126M01010,2020-03-31,2020-03-30T18:30:00.000Z,2020-03-31T12:01:03.370Z,2020-03-31T12:01:03.370Z,0,42.7,31-Mar-2020,,
310,5e8482628ee8730008348f0c,IBULISL,EQ,N,44.7,40.6,42.8,40.6,40.6,42.7,395977,16107910.5,376.3,40.6,421,INE126M01010,2020-04-01,2020-03-31T18:30:00.000Z,2020-04-01T12:00:34.991Z,2020-04-01T12:00:34.991Z,0,40.68,01-Apr-2020,,
311,5e872563e4335f0008b35f0f,IBULISL,EQ,N,41.95,38.6,39.0,38.6,38.6,40.6,1169577,46955958.25,376.3,38.6,2188,INE126M01010,2020-04-03,2020-04-02T18:30:00.000Z,2020-04-03T12:00:35.829Z,2020-04-03T12:00:35.829Z,0,40.15,03-Apr-2020,,
312,5e8c6b7f097b5b00085aca08,IBULISL,EQ,N,40.2,36.7,38.3,38.5,39.55,38.6,508936,19081681.6,376.3,36.7,2686,INE126M01010,2020-04-07,2020-04-06T18:30:00.000Z,2020-04-07T12:01:03.528Z,2020-04-07T12:01:03.528Z,0,37.49,07-Apr-2020,,
313,5e25966182871b0008465270,IBULISL,EQ,N,128.55,123.3,127.85,123.3,123.3,129.75,277058,34207701.25,376.3,52.55,1190,INE126M01010,2020-01-20,2020-01-19T18:30:00.000Z,2020-01-20T12:00:33.396Z,2020-01-20T12:00:33.396Z,0,123.47,20-Jan-2020,,
314,5e26e7e256a8090008139f65,IBULISL,EQ,N,129.45,117.15,117.95,129.45,129.45,123.3,207810,26081196.2,376.3,52.55,1966,INE126M01010,2020-01-21,2020-01-20T18:30:00.000Z,2020-01-21T12:00:34.772Z,2020-01-21T12:00:34.772Z,0,125.51,21-Jan-2020,,
315,5e28395c350bd90008188992,IBULISL,EQ,N,135.9,124.0,135.9,127.45,126.0,129.45,609210,80777343.0,376.3,52.55,6150,INE126M01010,2020-01-22,2020-01-21T18:30:00.000Z,2020-01-22T12:00:28.888Z,2020-01-22T12:00:28.888Z,0,132.59,22-Jan-2020,,
316,5e298ae123252f0008a1d4b0,IBULISL,EQ,N,131.2,123.0,127.45,124.5,124.5,127.45,289995,37176846.95,376.3,52.55,5055,INE126M01010,2020-01-23,2020-01-22T18:30:00.000Z,2020-01-23T12:00:33.746Z,2020-01-23T12:00:33.746Z,0,128.2,23-Jan-2020,,
317,5e2adc64ba04d60008ab2070,IBULISL,EQ,N,127.9,122.0,127.9,123.6,123.5,124.5,171550,21367227.8,376.3,52.55,2634,INE126M01010,2020-01-24,2020-01-23T18:30:00.000Z,2020-01-24T12:00:36.135Z,2020-01-24T12:00:36.135Z,0,124.55,24-Jan-2020,,
318,5e2ed1003d641100085c0510,IBULISL,EQ,N,125.75,118.35,123.0,120.7,119.95,123.6,153611,18712233.4,376.3,52.55,1747,INE126M01010,2020-01-27,2020-01-26T18:30:00.000Z,2020-01-27T12:01:04.150Z,2020-01-27T12:01:04.150Z,0,121.82,27-Jan-2020,,
319,5e30227fc65a7a0008f257c2,IBULISL,EQ,N,126.7,119.75,121.0,121.2,121.0,120.7,281939,35072895.15,376.3,52.55,3287,INE126M01010,2020-01-28,2020-01-27T18:30:00.000Z,2020-01-28T12:01:03.695Z,2020-01-28T12:01:03.695Z,0,124.4,28-Jan-2020,,
320,5e3173ffbfc8c60008092e97,IBULISL,EQ,N,125.25,117.0,122.9,118.8,118.0,121.2,115388,14045614.7,376.3,52.55,1696,INE126M01010,2020-01-29,2020-01-28T18:30:00.000Z,2020-01-29T12:01:03.948Z,2020-01-29T12:01:03.948Z,0,121.73,29-Jan-2020,,
321,5e32c57f1e3869000861b04f,IBULISL,EQ,N,120.85,116.0,119.0,118.05,118.8,118.8,128819,15235153.1,376.3,52.55,1701,INE126M01010,2020-01-30,2020-01-29T18:30:00.000Z,2020-01-30T12:01:03.269Z,2020-01-30T12:01:03.269Z,0,118.27,30-Jan-2020,,
322,5e3416e278f7fe000826122a,IBULISL,EQ,N,123.95,116.7,118.05,121.55,119.0,118.05,353353,42848442.3,376.3,52.55,2283,INE126M01010,2020-01-31,2020-01-30T18:30:00.000Z,2020-01-31T12:00:34.930Z,2020-01-31T12:00:34.930Z,0,121.26,31-Jan-2020,,
323,5e35687f293b5a00089d49bc,IBULISL,EQ,N,120.7,115.5,118.8,115.5,115.5,121.55,223128,26284971.35,376.3,52.55,2098,INE126M01010,2020-02-01,2020-01-31T18:30:00.000Z,2020-02-01T12:01:03.606Z,2020-02-01T12:01:03.606Z,0,117.8,01-Feb-2020,,
324,5e380b7f901a7e00088a0e74,IBULISL,EQ,N,113.6,109.75,110.3,109.75,109.75,115.5,66401,7335306.6,376.3,52.55,774,INE126M01010,2020-02-03,2020-02-02T18:30:00.000Z,2020-02-03T12:01:03.025Z,2020-02-03T12:01:03.025Z,0,110.47,03-Feb-2020,,
325,5e395ce22364200008751463,IBULISL,EQ,N,110.85,104.3,104.3,104.9,104.35,109.75,869357,91746489.05,376.3,52.55,5838,INE126M01010,2020-02-04,2020-02-03T18:30:00.000Z,2020-02-04T12:00:34.967Z,2020-02-04T12:00:34.967Z,0,105.53,04-Feb-2020,,
326,5e3aae6184ff470008f85e69,IBULISL,EQ,N,109.0,104.2,104.85,106.35,106.2,104.9,155084,16627729.95,376.3,52.55,1934,INE126M01010,2020-02-05,2020-02-04T18:30:00.000Z,2020-02-05T12:00:33.029Z,2020-02-05T12:00:33.029Z,0,107.22,05-Feb-2020,,
327,5e3bffe3f669df000874df25,IBULISL,EQ,N,111.65,104.6,106.6,108.65,109.95,106.35,407004,44344248.9,376.3,52.55,3686,INE126M01010,2020-02-06,2020-02-05T18:30:00.000Z,2020-02-06T12:00:35.448Z,2020-02-06T12:00:35.448Z,0,108.95,06-Feb-2020,,
328,5e3d516011637800082054c4,IBULISL,EQ,N,110.9,107.6,110.9,108.75,107.95,108.65,170033,18534232.05,376.3,52.55,1760,INE126M01010,2020-02-07,2020-02-06T18:30:00.000Z,2020-02-07T12:00:32.882Z,2020-02-07T12:00:32.882Z,0,109.0,07-Feb-2020,,
329,5e414600792b6d00083595a1,IBULISL,EQ,N,110.8,105.7,110.8,106.95,107.0,108.75,101916,10903829.1,376.3,52.55,917,INE126M01010,2020-02-10,2020-02-09T18:30:00.000Z,2020-02-10T12:01:04.957Z,2020-02-10T12:01:04.957Z,0,106.99,10-Feb-2020,,
330,5e42977fb371e50008f858cc,IBULISL,EQ,N,112.25,107.55,109.0,111.8,111.7,106.95,272438,30481274.35,376.3,52.55,1608,INE126M01010,2020-02-11,2020-02-10T18:30:00.000Z,2020-02-11T12:01:03.612Z,2020-02-11T12:01:03.612Z,0,111.88,11-Feb-2020,,
331,5e43e8ffffef84000809be22,IBULISL,EQ,N,114.45,108.9,112.8,110.65,111.8,111.8,235599,26111035.2,376.3,52.55,1881,INE126M01010,2020-02-12,2020-02-11T18:30:00.000Z,2020-02-12T12:01:03.955Z,2020-02-12T12:01:03.955Z,0,110.83,12-Feb-2020,,
332,5e453a616a25560008635fb7,IBULISL,EQ,N,112.25,108.4,110.5,108.75,108.4,110.65,98321,10801125.9,376.3,52.55,1204,INE126M01010,2020-02-13,2020-02-12T18:30:00.000Z,2020-02-13T12:00:33.854Z,2020-02-13T12:00:33.854Z,0,109.86,13-Feb-2020,,
333,5e468bffe8dfc60008d8d705,IBULISL,EQ,N,111.25,107.2,109.5,108.25,107.8,108.75,85971,9348809.0,376.3,52.55,1360,INE126M01010,2020-02-14,2020-02-13T18:30:00.000Z,2020-02-14T12:01:03.248Z,2020-02-14T12:01:03.248Z,0,108.74,14-Feb-2020,,
334,5e4a8065a9e763000816ec7b,IBULISL,EQ,N,111.4,102.85,111.4,102.85,102.85,108.25,109241,11540330.75,376.3,52.55,936,INE126M01010,2020-02-17,2020-02-16T18:30:00.000Z,2020-02-17T12:00:37.257Z,2020-02-17T12:00:37.257Z,0,105.64,17-Feb-2020,,
335,5e4bd1feba0d8900085712d9,IBULISL,EQ,N,103.0,97.75,100.0,97.75,97.75,102.85,120297,11834731.1,376.3,52.55,742,INE126M01010,2020-02-18,2020-02-17T18:30:00.000Z,2020-02-18T12:01:02.805Z,2020-02-18T12:01:02.805Z,0,98.38,18-Feb-2020,,
336,5e4d2364dce3890008feed09,IBULISL,EQ,N,102.6,93.55,98.0,102.6,102.6,97.75,298431,29633177.75,376.3,52.55,2413,INE126M01010,2020-02-19,2020-02-18T18:30:00.000Z,2020-02-19T12:00:36.692Z,2020-02-19T12:00:36.692Z,0,99.3,19-Feb-2020,,
337,5e4e74ffae37a300081802f2,IBULISL,EQ,N,107.7,101.8,101.95,107.7,107.7,102.6,96832,10246158.85,376.3,52.55,1111,INE126M01010,2020-02-20,2020-02-19T18:30:00.000Z,2020-02-20T12:01:03.450Z,2020-02-20T12:01:03.450Z,0,105.81,20-Feb-2020,,
338,5e53baff39d4590008a05c67,IBULISL,EQ,N,113.05,107.5,109.9,112.2,112.4,107.7,246737,27637957.75,376.3,52.55,1968,INE126M01010,2020-02-24,2020-02-23T18:30:00.000Z,2020-02-24T12:01:03.547Z,2020-02-24T12:01:03.547Z,0,112.01,24-Feb-2020,,
339,5e550c624766bc00083dc73c,IBULISL,EQ,N,114.45,107.05,113.0,108.15,107.05,112.2,145787,16128131.05,376.3,52.55,2276,INE126M01010,2020-02-25,2020-02-24T18:30:00.000Z,2020-02-25T12:00:34.097Z,2020-02-25T12:00:34.097Z,0,110.63,25-Feb-2020,,
340,5e565de35a6517000885b2aa,IBULISL,EQ,N,109.5,102.75,107.1,102.75,102.75,108.15,86067,9072171.5,376.3,52.55,1209,INE126M01010,2020-02-26,2020-02-25T18:30:00.000Z,2020-02-26T12:00:35.298Z,2020-02-26T12:00:35.298Z,0,105.41,26-Feb-2020,,
341,5e57af63a6a62e0008780590,IBULISL,EQ,N,106.7,97.65,102.9,98.2,98.45,102.75,210492,20665867.55,376.3,52.55,1297,INE126M01010,2020-02-27,2020-02-26T18:30:00.000Z,2020-02-27T12:00:35.185Z,2020-02-27T12:00:35.185Z,0,98.18,27-Feb-2020,,
342,5dee377f88cd7d0008bf1c4a,IBULISL,EQ,N,84.0,78.7,79.15,78.7,78.7,82.8,368912,29296551.75,408.0,52.55,1889,INE126M01010,2019-12-09,2019-12-08T18:30:00.000Z,2019-12-09T12:01:03.911Z,2019-12-09T12:01:03.911Z,0,79.41,09-Dec-2019,,
343,5def88ffe7000d0008c6e0ee,IBULISL,EQ,N,82.6,75.5,76.3,80.35,81.0,78.7,661478,54214072.0,408.0,52.55,3377,INE126M01010,2019-12-10,2019-12-09T18:30:00.000Z,2019-12-10T12:01:03.304Z,2019-12-10T12:01:03.304Z,0,81.96,10-Dec-2019,,
344,5df0da7f173f8f0008c5796f,IBULISL,EQ,N,83.0,77.55,82.9,79.35,78.7,80.35,111336,8926851.7,408.0,52.55,2073,INE126M01010,2019-12-11,2019-12-10T18:30:00.000Z,2019-12-11T12:01:03.717Z,2019-12-11T12:01:03.717Z,0,80.18,11-Dec-2019,,
345,5df22bfe68de3f00088eaeef,IBULISL,EQ,N,81.0,77.85,78.35,79.8,79.8,79.35,143384,11437156.75,408.0,52.55,2268,INE126M01010,2019-12-12,2019-12-11T18:30:00.000Z,2019-12-12T12:01:03.006Z,2019-12-12T12:01:03.006Z,0,79.77,12-Dec-2019,,
346,5df37d7f95c8b1000944173b,IBULISL,EQ,N,83.75,76.55,79.8,78.95,78.5,79.8,513938,41869072.1,408.0,52.55,3816,INE126M01010,2019-12-13,2019-12-12T18:30:00.000Z,2019-12-13T12:01:03.247Z,2019-12-13T12:01:03.247Z,0,81.47,13-Dec-2019,,
347,5df771ff673a0c0008d2d241,IBULISL,EQ,N,80.4,75.9,80.4,76.75,77.55,78.95,236107,18248190.2,408.0,52.55,1729,INE126M01010,2019-12-16,2019-12-15T18:30:00.000Z,2019-12-16T12:01:03.546Z,2019-12-16T12:01:03.546Z,0,77.29,16-Dec-2019,,
348,5df8c37f68de3f00088eb937,IBULISL,EQ,N,77.3,75.6,77.3,76.3,76.5,76.75,166997,12723204.75,408.0,52.55,939,INE126M01010,2019-12-17,2019-12-16T18:30:00.000Z,2019-12-17T12:01:03.391Z,2019-12-17T12:01:03.391Z,0,76.19,17-Dec-2019,,
349,5dfa14ffbda4b900080cbc70,IBULISL,EQ,N,80.0,75.6,76.0,79.1,78.85,76.3,140194,11005949.15,408.0,52.55,1137,INE126M01010,2019-12-18,2019-12-17T18:30:00.000Z,2019-12-18T12:01:03.262Z,2019-12-18T12:01:03.262Z,0,78.51,18-Dec-2019,,
350,5dfb66639bc9a50008f1dc7a,IBULISL,EQ,N,82.0,77.9,79.0,78.9,78.85,79.1,138786,11117994.55,408.0,52.55,1578,INE126M01010,2019-12-19,2019-12-18T18:30:00.000Z,2019-12-19T12:00:35.608Z,2019-12-19T12:00:35.608Z,0,80.11,19-Dec-2019,,
351,5dfcb7e30d56510008645208,IBULISL,EQ,N,82.8,79.0,79.3,79.5,79.45,78.9,718750,59025472.75,408.0,52.55,4340,INE126M01010,2019-12-20,2019-12-19T18:30:00.000Z,2019-12-20T12:00:35.064Z,2019-12-20T12:00:35.064Z,0,82.12,20-Dec-2019,,
352,5e00ac7ffe98840008e7d7f2,IBULISL,EQ,N,81.2,78.0,78.1,80.35,80.8,79.5,150291,11982966.7,408.0,52.55,2760,INE126M01010,2019-12-23,2019-12-22T18:30:00.000Z,2019-12-23T12:01:03.473Z,2019-12-23T12:01:03.473Z,0,79.73,23-Dec-2019,,
353,5e01fdfe3538520008107da3,IBULISL,EQ,N,84.35,80.1,80.15,81.4,81.2,80.35,416905,34516254.75,408.0,52.55,3071,INE126M01010,2019-12-24,2019-12-23T18:30:00.000Z,2019-12-24T12:01:03.011Z,2019-12-24T12:01:03.011Z,0,82.79,24-Dec-2019,,
354,5e04a35716f1bb0008a8ae1f,IBULISL,EQ,N,83.6,80.0,83.6,81.0,80.3,81.4,138840,11307475.35,408.0,52.55,1644,INE126M01010,2019-12-26,2019-12-25T18:30:00.000Z,2019-12-26T12:11:03.141Z,2019-12-26T12:11:03.141Z,0,81.44,26-Dec-2019,,
355,5e05f263f1221d0008ea62be,IBULISL,EQ,N,82.2,79.6,81.9,80.45,80.1,81.0,151732,12234349.8,408.0,52.55,1241,INE126M01010,2019-12-27,2019-12-26T18:30:00.000Z,2019-12-27T12:00:35.756Z,2019-12-27T12:00:35.756Z,0,80.63,27-Dec-2019,,
356,5e09e6e2853e8f0008de28db,IBULISL,EQ,N,82.95,80.5,81.8,82.25,82.25,80.45,180670,14790943.75,390.05,52.55,2144,INE126M01010,2019-12-30,2019-12-29T18:30:00.000Z,2019-12-30T12:00:34.859Z,2019-12-30T12:00:34.859Z,0,81.87,30-Dec-2019,,
357,5e0b385e5c67aa00084af626,IBULISL,EQ,N,86.35,81.45,82.3,86.35,86.35,82.25,260195,22310553.6,390.05,52.55,1901,INE126M01010,2019-12-31,2019-12-30T18:30:00.000Z,2019-12-31T12:00:30.471Z,2019-12-31T12:00:30.471Z,0,85.75,31-Dec-2019,,
358,5e0c89ff7eca93000835cfc8,IBULISL,EQ,N,90.65,90.65,90.65,90.65,90.65,86.35,18011,1632697.15,390.05,52.55,114,INE126M01010,2020-01-01,2019-12-31T18:30:00.000Z,2020-01-01T12:01:03.292Z,2020-01-01T12:01:03.292Z,0,90.65,01-Jan-2020,,
359,5e0ddb7fa604190008fe6477,IBULISL,EQ,N,95.15,95.15,95.15,95.15,95.15,90.65,17635,1677970.25,390.05,52.55,124,INE126M01010,2020-01-02,2020-01-01T18:30:00.000Z,2020-01-02T12:01:03.615Z,2020-01-02T12:01:03.615Z,0,95.15,02-Jan-2020,,
360,5e0f2ce1bb6d660008439ee3,IBULISL,EQ,N,99.9,99.9,99.9,99.9,99.9,95.15,38353,3831464.7,390.05,52.55,123,INE126M01010,2020-01-03,2020-01-02T18:30:00.000Z,2020-01-03T12:00:33.555Z,2020-01-03T12:00:33.555Z,0,99.9,03-Jan-2020,,
361,5e132161ab77820008ef112d,IBULISL,EQ,N,104.85,96.6,104.85,104.35,104.85,99.9,1140752,118002988.05,376.3,52.55,7796,INE126M01010,2020-01-06,2020-01-05T18:30:00.000Z,2020-01-06T12:00:33.650Z,2020-01-06T12:00:33.650Z,0,103.44,06-Jan-2020,,
362,5e1472e309e5d5000818f2a0,IBULISL,EQ,N,109.55,101.9,108.0,109.55,109.55,104.35,824813,89192202.5,376.3,52.55,5076,INE126M01010,2020-01-07,2020-01-06T18:30:00.000Z,2020-01-07T12:00:35.676Z,2020-01-07T12:00:35.676Z,0,108.14,07-Jan-2020,,
363,5e15c47fa59006000857861d,IBULISL,EQ,N,113.0,104.1,107.7,110.2,110.05,109.55,521785,57066290.9,376.3,52.55,4647,INE126M01010,2020-01-08,2020-01-07T18:30:00.000Z,2020-01-08T12:01:03.717Z,2020-01-08T12:01:03.717Z,0,109.37,08-Jan-2020,,
364,5e1715e058fadb000853b184,IBULISL,EQ,N,115.7,113.1,114.5,115.7,115.7,110.2,76948,8883569.85,376.3,52.55,392,INE126M01010,2020-01-09,2020-01-08T18:30:00.000Z,2020-01-09T12:00:32.831Z,2020-01-09T12:00:32.831Z,0,115.45,09-Jan-2020,,
365,5e18677f8ce1e80008628f69,IBULISL,EQ,N,121.45,115.05,121.45,121.45,121.45,115.7,468970,56608795.7,376.3,52.55,3357,INE126M01010,2020-01-10,2020-01-09T18:30:00.000Z,2020-01-10T12:01:03.704Z,2020-01-10T12:01:03.704Z,0,120.71,10-Jan-2020,,
366,5e1c5be21810e200086e0e7f,IBULISL,EQ,N,127.5,124.2,124.9,127.5,127.5,121.45,98943,12568272.85,376.3,52.55,1469,INE126M01010,2020-01-13,2020-01-12T18:30:00.000Z,2020-01-13T12:00:34.120Z,2020-01-13T12:00:34.120Z,0,127.03,13-Jan-2020,,
367,5e1dad7fdcdcd40008fc09d9,IBULISL,EQ,N,133.85,131.1,133.85,133.85,133.85,127.5,610630,81637842.7,376.3,52.55,1917,INE126M01010,2020-01-14,2020-01-13T18:30:00.000Z,2020-01-14T12:01:03.547Z,2020-01-14T12:01:03.547Z,0,133.69,14-Jan-2020,,
368,5e1efee323a9bc00085db381,IBULISL,EQ,N,140.5,133.0,138.0,140.4,140.0,133.85,781885,109026548.95,376.3,52.55,7076,INE126M01010,2020-01-15,2020-01-14T18:30:00.000Z,2020-01-15T12:00:35.837Z,2020-01-15T12:00:35.837Z,0,139.44,15-Jan-2020,,
369,5e20507fa4665300085b9194,IBULISL,EQ,N,146.5,134.3,143.7,136.55,137.0,140.4,440154,61443530.45,376.3,52.55,5092,INE126M01010,2020-01-16,2020-01-15T18:30:00.000Z,2020-01-16T12:01:03.268Z,2020-01-16T12:01:03.268Z,0,139.6,16-Jan-2020,,
370,5e21a1e136099d0008e3d43e,IBULISL,EQ,N,135.9,129.75,132.7,129.75,129.75,136.55,318352,41903933.2,376.3,52.55,2623,INE126M01010,2020-01-17,2020-01-16T18:30:00.000Z,2020-01-17T12:00:33.333Z,2020-01-17T12:00:33.333Z,0,131.63,17-Jan-2020,,
371,5db97b7fa6d3830008cacae9,IBULISL,EQ,N,60.45,60.45,60.45,60.45,60.45,57.6,10752,649958.4,408.0,52.55,85,INE126M01010,2019-10-30,2019-10-29T18:30:00.000Z,2019-10-30T12:01:03.543Z,2019-10-30T12:01:03.543Z,0,60.45,30-Oct-2019,,
372,5dbacd00865268000831c62a,IBULISL,EQ,N,63.45,63.45,63.45,63.45,63.45,60.45,14556,923578.2,408.0,52.55,69,INE126M01010,2019-10-31,2019-10-30T18:30:00.000Z,2019-10-31T12:01:04.457Z,2019-10-31T12:01:04.457Z,0,63.45,31-Oct-2019,,
373,5dbc1e7f2febd800088c50a6,IBULISL,EQ,N,66.6,63.5,65.95,66.6,66.6,63.45,101462,6702285.7,408.0,52.55,383,INE126M01010,2019-11-01,2019-10-31T18:30:00.000Z,2019-11-01T12:01:03.516Z,2019-11-01T12:01:03.516Z,0,66.06,01-Nov-2019,,
374,5dc012ff15a630000852497e,IBULISL,EQ,N,69.9,69.9,69.9,69.9,69.9,66.6,10352,723604.8,408.0,52.55,73,INE126M01010,2019-11-04,2019-11-03T18:30:00.000Z,2019-11-04T12:01:03.740Z,2019-11-04T12:01:03.740Z,0,69.9,04-Nov-2019,,
375,5dc1647fc2584d0008e74f29,IBULISL,EQ,N,73.35,73.35,73.35,73.35,73.35,69.9,5765,422862.75,408.0,52.55,74,INE126M01010,2019-11-05,2019-11-04T18:30:00.000Z,2019-11-05T12:01:03.888Z,2019-11-05T12:01:03.888Z,0,73.35,05-Nov-2019,,
376,5dc2b5ff1e6b7b0008938e47,IBULISL,EQ,N,77.0,77.0,77.0,77.0,77.0,73.35,14606,1124662.0,408.0,52.55,81,INE126M01010,2019-11-06,2019-11-05T18:30:00.000Z,2019-11-06T12:01:03.592Z,2019-11-06T12:01:03.592Z,0,77.0,06-Nov-2019,,
377,5dc4077f149abc00089a2d47,IBULISL,EQ,N,80.85,80.85,80.85,80.85,80.85,77.0,41357,3343713.45,408.0,52.55,119,INE126M01010,2019-11-07,2019-11-06T18:30:00.000Z,2019-11-07T12:01:03.921Z,2019-11-07T12:01:03.921Z,0,80.85,07-Nov-2019,,
378,5dc558ff149abc00089a36be,IBULISL,EQ,N,84.85,77.35,84.85,84.85,84.85,80.85,102352,8630790.7,408.0,52.55,688,INE126M01010,2019-11-08,2019-11-07T18:30:00.000Z,2019-11-08T12:01:03.863Z,2019-11-08T12:01:03.863Z,0,84.32,08-Nov-2019,,
379,5dc94d7ff947870008360656,IBULISL,EQ,N,89.05,89.05,89.05,89.05,89.05,84.85,20969,1867289.45,408.0,52.55,172,INE126M01010,2019-11-11,2019-11-10T18:30:00.000Z,2019-11-11T12:01:03.601Z,2019-11-11T12:01:03.601Z,0,89.05,11-Nov-2019,,
380,5dcbf07e09bcd5000806926e,IBULISL,EQ,N,93.5,84.85,93.5,85.65,86.3,89.05,278956,24983750.05,408.0,52.55,2407,INE126M01010,2019-11-13,2019-11-12T18:30:00.000Z,2019-11-13T12:01:02.921Z,2019-11-13T12:01:02.921Z,0,89.56,13-Nov-2019,,
381,5dcd41ff149abc00089a417a,IBULISL,EQ,N,85.6,81.4,85.1,81.4,81.4,85.65,168799,13872713.5,408.0,52.55,1389,INE126M01010,2019-11-14,2019-11-13T18:30:00.000Z,2019-11-14T12:01:03.700Z,2019-11-14T12:01:03.700Z,0,82.18,14-Nov-2019,,
382,5dce937fc788bb000842b08b,IBULISL,EQ,N,77.35,77.35,77.35,77.35,77.35,81.4,19889,1538414.15,408.0,52.55,144,INE126M01010,2019-11-15,2019-11-14T18:30:00.000Z,2019-11-15T12:01:03.544Z,2019-11-15T12:01:03.544Z,0,77.35,15-Nov-2019,,
383,5dd287e22711c60008ee25ba,IBULISL,EQ,N,73.5,73.5,73.5,73.5,73.5,77.35,19428,1427958.0,408.0,52.55,75,INE126M01010,2019-11-18,2019-11-17T18:30:00.000Z,2019-11-18T12:00:34.146Z,2019-11-18T12:00:34.146Z,0,73.5,18-Nov-2019,,
384,5dd3d9613cf4f80008a02905,IBULISL,EQ,N,69.85,69.85,69.85,69.85,69.85,73.5,19327,1349990.95,408.0,52.55,104,INE126M01010,2019-11-19,2019-11-18T18:30:00.000Z,2019-11-19T12:00:33.896Z,2019-11-19T12:00:33.896Z,0,69.85,19-Nov-2019,,
385,5dd52ae176ea300008cbe306,IBULISL,EQ,N,66.4,66.4,66.4,66.4,66.4,69.85,20890,1387096.0,408.0,52.55,155,INE126M01010,2019-11-20,2019-11-19T18:30:00.000Z,2019-11-20T12:00:33.757Z,2019-11-20T12:00:33.757Z,0,66.4,20-Nov-2019,,
386,5dd67c7faed06f00082c5825,IBULISL,EQ,N,69.7,63.1,63.1,66.35,66.45,66.4,1794851,118975597.85,408.0,52.55,11342,INE126M01010,2019-11-21,2019-11-20T18:30:00.000Z,2019-11-21T12:01:03.100Z,2019-11-21T12:01:03.100Z,0,66.29,21-Nov-2019,,
387,5dd7cde1e393f400086fc6a9,IBULISL,EQ,N,68.7,63.05,66.8,63.2,63.05,66.35,554842,36570314.6,408.0,52.55,6380,INE126M01010,2019-11-22,2019-11-21T18:30:00.000Z,2019-11-22T12:00:33.147Z,2019-11-22T12:00:33.147Z,0,65.91,22-Nov-2019,,
388,5ddbc27f5b5f1e0008a2b20f,IBULISL,EQ,N,66.15,61.3,64.75,63.05,62.6,63.2,823773,52041928.7,408.0,52.55,4728,INE126M01010,2019-11-25,2019-11-24T18:30:00.000Z,2019-11-25T12:01:03.586Z,2019-11-25T12:01:03.586Z,0,63.18,25-Nov-2019,,
389,5ddd13ffca03a80009b75db5,IBULISL,EQ,N,66.2,63.05,63.7,65.0,64.8,63.05,612154,39898272.7,408.0,52.55,6586,INE126M01010,2019-11-26,2019-11-25T18:30:00.000Z,2019-11-26T12:01:03.710Z,2019-11-26T12:01:03.710Z,0,65.18,26-Nov-2019,,
390,5dde657f640e900008bf9cba,IBULISL,EQ,N,66.8,63.8,65.95,65.1,64.7,65.0,215175,14059594.6,408.0,52.55,3167,INE126M01010,2019-11-27,2019-11-26T18:30:00.000Z,2019-11-27T12:01:03.312Z,2019-11-27T12:01:03.312Z,0,65.34,27-Nov-2019,,
391,5ddfb6ffb2beec0008e350e2,IBULISL,EQ,N,68.35,64.75,65.7,68.35,68.35,65.1,903319,61370846.25,408.0,52.55,2831,INE126M01010,2019-11-28,2019-11-27T18:30:00.000Z,2019-11-28T12:01:03.613Z,2019-11-28T12:01:03.613Z,0,67.94,28-Nov-2019,,
392,5de108614c2b4100088046c7,IBULISL,EQ,N,71.75,65.0,71.75,71.75,71.75,68.35,2010360,142086646.6,408.0,52.55,5399,INE126M01010,2019-11-29,2019-11-28T18:30:00.000Z,2019-11-29T12:00:33.574Z,2019-11-29T12:00:33.574Z,0,70.68,29-Nov-2019,,
393,5de4fcff06ab9800083786b2,IBULISL,EQ,N,75.3,73.5,75.25,75.3,75.3,71.75,279046,20990448.6,408.0,52.55,770,INE126M01010,2019-12-02,2019-12-01T18:30:00.000Z,2019-12-02T12:01:03.656Z,2019-12-02T12:01:03.656Z,0,75.22,02-Dec-2019,,
394,5dfb2a98999fe80008e7eccb,IBULISL,EQ,N,79.05,79.05,79.05,79.05,79.05,75.3,52103,4118742.15,408.0,52.55,148,INE126M01010,2019-12-03,2019-12-02T18:30:00.000Z,2019-12-19T07:45:28.711Z,2019-12-19T07:45:28.711Z,0,79.05,03-Dec-2019,,
395,5de79ffe640e900008bfd2c4,IBULISL,EQ,N,83.0,76.55,83.0,83.0,83.0,79.05,363104,29837516.3,408.0,52.55,1144,INE126M01010,2019-12-04,2019-12-03T18:30:00.000Z,2019-12-04T12:01:02.962Z,2019-12-04T12:01:02.962Z,0,82.17,04-Dec-2019,,
396,5de8f16193ae890008a4a904,IBULISL,EQ,N,87.15,85.0,87.1,87.15,87.15,83.0,178370,15493065.15,408.0,52.55,690,INE126M01010,2019-12-05,2019-12-04T18:30:00.000Z,2019-12-05T12:00:33.687Z,2019-12-05T12:00:33.687Z,0,86.86,05-Dec-2019,,
397,5dea42ff643d80000872c7ae,IBULISL,EQ,N,91.5,82.8,91.5,82.8,82.8,87.15,595660,52307398.2,408.0,52.55,4351,INE126M01010,2019-12-06,2019-12-05T18:30:00.000Z,2019-12-06T12:01:03.593Z,2019-12-06T12:01:03.593Z,0,87.81,06-Dec-2019,,
398,5dee377f88cd7d0008bf1c4a,IBULISL,EQ,N,84.0,78.7,79.15,78.7,78.7,82.8,368912,29296551.75,408.0,52.55,1889,INE126M01010,2019-12-09,2019-12-08T18:30:00.000Z,2019-12-09T12:01:03.911Z,2019-12-09T12:01:03.911Z,0,79.41,09-Dec-2019,,
