,_id,CH_SYMBOL,CH_SERIES,CH_MARKET_TYPE,CH_TRADE_HIGH_PRICE,CH_TRADE_LOW_PRICE,CH_OPENING_PRICE,CH_CLOSING_PRICE,CH_LAST_TRADED_PRICE,CH_PREVIOUS_CLS_PRICE,CH_TOT_TRADED_QTY,CH_TOT_TRADED_VAL,CH_52WEEK_HIGH_PRICE,CH_52WEEK_LOW_PRICE,CH_TOTAL_TRADES,CH_ISIN,CH_TIMESTAMP,TIMESTAMP,createdAt,updatedAt,__v,VWAP,mTIMESTAMP,CA
0,616eb37e2137b10008e72ea8,HCLTECH,EQ,N,1253.0,1225.0,1230.0,1232.1,1232.0,1221.4,10189780,12607418050.55,1377.75,800.25,176380,INE860A01027,2021-10-19,2021-10-18T18:30:00.000Z,2021-10-19T12:01:02.775Z,2021-10-19T12:01:02.775Z,0,1237.26,19-Oct-2021,
1,61700bedffea140009a39fd4,HCLTECH,EQ,N,1263.4,1220.4,1239.0,1232.9,1232.9,1232.1,8222562,10220360301.85,1377.75,800.25,189811,INE860A01027,2021-10-20,2021-10-19T18:30:00.000Z,2021-10-20T12:30:37.876Z,2021-10-20T12:30:37.876Z,0,1242.97,20-Oct-2021,
2,61715662facf5c0008bb167f,HCLTECH,EQ,N,1238.9,1189.0,1238.9,1210.7,1214.0,1232.9,5998795,7240170471.5,1377.75,800.25,168030,INE860A01027,2021-10-21,2021-10-20T18:30:00.000Z,2021-10-21T12:00:34.065Z,2021-10-21T12:00:34.065Z,0,1206.94,21-Oct-2021,"[{'symbol': 'HCLTECH', 'series': 'EQ', 'ind': '-', 'faceVal': '2', 'subject': ' Interm Dividend - Rs 10 Per Share', 'exDate': '21-Oct-2021', 'recDate': '23-Oct-2021', 'bcStartDate': '-', 'bcEndDate': '-', 'ndStartDate': '-', 'comp': 'HCL Technologies Limited', 'isin': 'INE860A01027', 'ndEndDate': '-', 'caBroadcastDate': None}]"
3,6172a8052dc18f00080fe816,HCLTECH,EQ,N,1223.35,1186.0,1203.25,1194.0,1192.8,1210.7,3812305,4570569132.35,1377.75,800.25,119329,INE860A01027,2021-10-22,2021-10-21T18:30:00.000Z,2021-10-22T12:01:09.047Z,2021-10-22T12:01:09.047Z,0,1198.9,22-Oct-2021,
4,61769c5cdb443b0008c8e553,HCLTECH,EQ,N,1190.0,1157.15,1184.05,1165.4,1168.0,1194.0,6690819,7804141931.05,1377.75,800.25,159478,INE860A01027,2021-10-25,2021-10-24T18:30:00.000Z,2021-10-25T12:00:28.458Z,2021-10-25T12:00:28.458Z,0,1166.4,25-Oct-2021,
5,6177edff2ed3fb00087deb8f,HCLTECH,EQ,N,1182.0,1153.25,1170.0,1166.8,1168.0,1165.4,5126660,5966798956.5,1377.75,800.25,111561,INE860A01027,2021-10-26,2021-10-25T18:30:00.000Z,2021-10-26T12:01:03.704Z,2021-10-26T12:01:03.704Z,0,1163.88,26-Oct-2021,
6,61793f857220a800093c688a,HCLTECH,EQ,N,1181.35,1161.5,1170.0,1177.15,1177.45,1166.8,3536653,4139277581.0,1377.75,800.25,91737,INE860A01027,2021-10-27,2021-10-26T18:30:00.000Z,2021-10-27T12:01:09.094Z,2021-10-27T12:01:09.094Z,0,1170.39,27-Oct-2021,
7,617a90e3b698860008b7080e,HCLTECH,EQ,N,1185.0,1146.8,1183.3,1152.0,1153.6,1177.15,4096585,4760707263.35,1377.75,800.25,163152,INE860A01027,2021-10-28,2021-10-27T18:30:00.000Z,2021-10-28T12:00:35.352Z,2021-10-28T12:00:35.352Z,0,1162.12,28-Oct-2021,
8,6139f7679241480008a1a723,HCLTECH,EQ,N,1204.95,1183.0,1192.0,1198.55,1198.95,1188.8,3388292,4038003547.3,1214.95,689.05,106361,INE860A01027,2021-09-09,2021-09-08T18:30:00.000Z,2021-09-09T12:00:39.773Z,2021-09-09T12:00:39.773Z,0,1191.75,09-Sep-2021,
9,613f3d5c66f15f0008394507,HCLTECH,EQ,N,1215.0,1176.45,1192.0,1208.4,1208.75,1198.55,3723138,4471690464.55,1215.0,744.15,119966,INE860A01027,2021-09-13,2021-09-12T18:30:00.000Z,2021-09-13T12:00:28.268Z,2021-09-13T12:00:28.268Z,0,1201.05,13-Sep-2021,
10,61408f018b051b0009544f59,HCLTECH,EQ,N,1240.6,1207.0,1216.0,1238.65,1237.0,1208.4,5593286,6879708217.85,1240.6,744.15,185674,INE860A01027,2021-09-14,2021-09-13T18:30:00.000Z,2021-09-14T12:01:05.087Z,2021-09-14T12:01:05.087Z,0,1229.99,14-Sep-2021,
11,6141e06352f3510008866c33,HCLTECH,EQ,N,1288.95,1230.25,1238.65,1273.25,1273.0,1238.65,6063895,7665637393.75,1288.95,744.15,185098,INE860A01027,2021-09-15,2021-09-14T18:30:00.000Z,2021-09-15T12:00:35.770Z,2021-09-15T12:00:35.770Z,0,1264.14,15-Sep-2021,
12,614331dc418957000885990a,HCLTECH,EQ,N,1295.3,1255.2,1287.2,1263.1,1264.0,1273.25,3616292,4585435867.8,1295.3,744.15,138406,INE860A01027,2021-09-16,2021-09-15T18:30:00.000Z,2021-09-16T12:00:28.323Z,2021-09-16T12:00:28.323Z,0,1267.99,16-Sep-2021,
13,6144837f7f66a40008755264,HCLTECH,EQ,N,1281.0,1258.5,1265.0,1263.3,1262.95,1263.1,4817180,6098226768.0,1295.3,744.15,130166,INE860A01027,2021-09-17,2021-09-16T18:30:00.000Z,2021-09-17T12:01:03.057Z,2021-09-17T12:01:03.057Z,0,1265.93,17-Sep-2021,
14,614877e3e0fcf60008e51226,HCLTECH,EQ,N,1298.8,1250.0,1258.0,1276.15,1270.4,1263.3,5453683,7000061545.85,1298.8,784.0,116200,INE860A01027,2021-09-20,2021-09-19T18:30:00.000Z,2021-09-20T12:00:35.567Z,2021-09-20T12:00:35.567Z,0,1283.55,20-Sep-2021,
15,6149c97fbf6def0009839c08,HCLTECH,EQ,N,1315.0,1277.0,1289.0,1299.5,1298.8,1276.15,4645597,6020131269.4,1315.0,784.0,167229,INE860A01027,2021-09-21,2021-09-20T18:30:00.000Z,2021-09-21T12:01:03.109Z,2021-09-21T12:01:03.109Z,0,1295.88,21-Sep-2021,
16,614b1b00f6172a0008df468c,HCLTECH,EQ,N,1328.65,1299.6,1300.0,1315.5,1316.0,1299.5,5367303,7067377021.85,1328.65,784.0,161948,INE860A01027,2021-09-22,2021-09-21T18:30:00.000Z,2021-09-22T12:01:05.019Z,2021-09-22T12:01:05.019Z,0,1316.75,22-Sep-2021,
17,614c6c66a3bb370008f10535,HCLTECH,EQ,N,1336.45,1313.9,1326.85,1328.3,1327.0,1315.5,3037295,4024211207.0,1336.45,784.0,146997,INE860A01027,2021-09-23,2021-09-22T18:30:00.000Z,2021-09-23T12:00:38.128Z,2021-09-23T12:00:38.128Z,0,1324.93,23-Sep-2021,
18,614dbde485b99100093149a8,HCLTECH,EQ,N,1377.75,1337.0,1340.0,1358.2,1359.75,1328.3,7951730,10834881018.6,1377.75,784.0,196697,INE860A01027,2021-09-24,2021-09-23T18:30:00.000Z,2021-09-24T12:00:36.347Z,2021-09-24T12:00:36.347Z,0,1362.58,24-Sep-2021,
19,6151b281c3f15b0008afe84e,HCLTECH,EQ,N,1367.95,1290.05,1366.0,1295.2,1299.0,1358.2,7653504,10053262686.3,1377.75,800.25,260249,INE860A01027,2021-09-27,2021-09-26T18:30:00.000Z,2021-09-27T12:01:05.318Z,2021-09-27T12:01:05.318Z,0,1313.55,27-Sep-2021,
20,615304064a501f0008b258d8,HCLTECH,EQ,N,1304.95,1254.0,1304.95,1269.0,1272.5,1295.2,8572321,10874087040.75,1377.75,800.25,301114,INE860A01027,2021-09-28,2021-09-27T18:30:00.000Z,2021-09-28T12:01:10.637Z,2021-09-28T12:01:10.637Z,0,1268.51,28-Sep-2021,
21,615455824a501f0008e4d072,HCLTECH,EQ,N,1301.45,1258.8,1270.0,1281.2,1282.6,1269.0,4639821,5927735738.95,1377.75,800.25,169421,INE860A01027,2021-09-29,2021-09-28T18:30:00.000Z,2021-09-29T12:01:06.546Z,2021-09-29T12:01:06.546Z,0,1277.58,29-Sep-2021,
22,6155a6ff5956820008176393,HCLTECH,EQ,N,1291.45,1268.85,1291.45,1279.55,1280.0,1281.2,3589722,4589288115.35,1377.75,800.25,145222,INE860A01027,2021-09-30,2021-09-29T18:30:00.000Z,2021-09-30T12:01:03.427Z,2021-09-30T12:01:03.427Z,0,1278.45,30-Sep-2021,
23,6156f85c00c38500086c2cef,HCLTECH,EQ,N,1284.0,1260.65,1274.0,1273.75,1273.0,1279.55,3372796,4295405419.35,1377.75,800.25,125070,INE860A01027,2021-10-01,2021-09-30T18:30:00.000Z,2021-10-01T12:00:28.336Z,2021-10-01T12:00:28.336Z,0,1273.54,01-Oct-2021,
24,615aecff00c38500088df935,HCLTECH,EQ,N,1293.6,1273.75,1281.5,1278.65,1281.7,1273.75,2706626,3471723487.45,1377.75,800.25,93753,INE860A01027,2021-10-04,2021-10-03T18:30:00.000Z,2021-10-04T12:01:03.230Z,2021-10-04T12:01:03.230Z,0,1282.68,04-Oct-2021,
25,615c3e681728530008f0b214,HCLTECH,EQ,N,1313.6,1262.2,1270.0,1305.15,1307.9,1278.65,3710314,4771492722.3,1377.75,800.25,111886,INE860A01027,2021-10-05,2021-10-04T18:30:00.000Z,2021-10-05T12:00:40.497Z,2021-10-05T12:00:40.497Z,0,1286.01,05-Oct-2021,
26,615d8fe17c2c3b00089ffd1c,HCLTECH,EQ,N,1319.85,1271.8,1312.0,1275.45,1274.55,1305.15,2861608,3692243990.85,1377.75,800.25,109635,INE860A01027,2021-10-06,2021-10-05T18:30:00.000Z,2021-10-06T12:00:33.758Z,2021-10-06T12:00:33.758Z,0,1290.27,06-Oct-2021,
27,615ee161c7aa980008977e80,HCLTECH,EQ,N,1317.85,1284.05,1284.05,1306.3,1305.0,1275.45,2421641,3162193681.2,1377.75,800.25,89401,INE860A01027,2021-10-07,2021-10-06T18:30:00.000Z,2021-10-07T12:00:33.450Z,2021-10-07T12:00:33.450Z,0,1305.81,07-Oct-2021,
28,6160330031c1ce0008cb065e,HCLTECH,EQ,N,1338.0,1294.05,1306.3,1322.15,1323.5,1306.3,5197831,6863132702.45,1377.75,800.25,151205,INE860A01027,2021-10-08,2021-10-07T18:30:00.000Z,2021-10-08T12:01:05.009Z,2021-10-08T12:01:05.009Z,0,1320.38,08-Oct-2021,
29,61644a8e1ffdf40008ba41ab,HCLTECH,EQ,N,1324.9,1235.65,1300.0,1302.9,1304.3,1322.15,5264998,6850314422.4,1377.75,800.25,154328,INE860A01027,2021-10-11,2021-10-10T18:30:00.000Z,2021-10-11T14:30:38.832Z,2021-10-11T14:30:38.832Z,0,1301.1,11-Oct-2021,
30,6165790160745c000893774a,HCLTECH,EQ,N,1309.0,1236.3,1306.95,1250.35,1254.0,1302.9,12811641,16073160657.35,1377.75,800.25,414669,INE860A01027,2021-10-12,2021-10-11T18:30:00.000Z,2021-10-12T12:01:05.453Z,2021-10-12T12:01:05.453Z,0,1254.57,12-Oct-2021,
31,6166ca6773e7b0000825913a,HCLTECH,EQ,N,1270.8,1243.45,1263.0,1265.35,1265.0,1250.35,5705730,7159799588.3,1377.75,800.25,153786,INE860A01027,2021-10-13,2021-10-12T18:30:00.000Z,2021-10-13T12:00:39.646Z,2021-10-13T12:00:39.646Z,0,1254.84,13-Oct-2021,
32,61681bff03a7b2000873dec3,HCLTECH,EQ,N,1293.25,1244.05,1289.4,1251.15,1246.0,1265.35,10360519,13057263101.6,1377.75,800.25,252915,INE860A01027,2021-10-14,2021-10-13T18:30:00.000Z,2021-10-14T12:01:03.067Z,2021-10-14T12:01:03.067Z,0,1260.29,14-Oct-2021,
33,616d61e481039a0008f766c3,HCLTECH,EQ,N,1272.5,1215.0,1240.0,1221.4,1224.85,1251.15,23861603,29387543018.9,1377.75,800.25,436447,INE860A01027,2021-10-18,2021-10-17T18:30:00.000Z,2021-10-18T12:00:36.513Z,2021-10-18T12:00:36.513Z,0,1231.58,18-Oct-2021,
34,616eb37e2137b10008e72ea8,HCLTECH,EQ,N,1253.0,1225.0,1230.0,1232.1,1232.0,1221.4,10189780,12607418050.55,1377.75,800.25,176380,INE860A01027,2021-10-19,2021-10-18T18:30:00.000Z,2021-10-19T12:01:02.775Z,2021-10-19T12:01:02.775Z,0,1237.26,19-Oct-2021,
35,6107de7f4c6c270008f217b9,HCLTECH,EQ,N,1039.0,1023.05,1034.0,1035.4,1036.35,1024.95,2536478,2618534297.0,1067.0,677.05,109469,INE860A01027,2021-08-02,2021-08-01T18:30:00.000Z,2021-08-02T12:01:03.243Z,2021-08-02T12:01:03.243Z,0,1032.35,02-Aug-2021,
36,61092fe2ddfad700096fd8ef,HCLTECH,EQ,N,1042.95,1024.0,1030.0,1039.45,1039.0,1035.4,3359006,3476682062.1,1067.0,677.05,137638,INE860A01027,2021-08-03,2021-08-02T18:30:00.000Z,2021-08-03T12:00:34.722Z,2021-08-03T12:00:34.722Z,0,1035.03,03-Aug-2021,
37,610a815dddfad70009998df3,HCLTECH,EQ,N,1047.75,1034.6,1041.1,1039.95,1040.0,1039.45,3122161,3248279309.35,1067.0,677.05,99846,INE860A01027,2021-08-04,2021-08-03T18:30:00.000Z,2021-08-04T12:00:29.250Z,2021-08-04T12:00:29.250Z,0,1040.39,04-Aug-2021,
38,610bd300c5cd9d0008592226,HCLTECH,EQ,N,1073.0,1033.7,1040.0,1061.15,1058.8,1039.95,7896314,8365971131.55,1073.0,677.05,183010,INE860A01027,2021-08-05,2021-08-04T18:30:00.000Z,2021-08-05T12:01:04.872Z,2021-08-05T12:01:04.872Z,0,1059.48,05-Aug-2021,
39,610d24621ad12f0009efa87f,HCLTECH,EQ,N,1070.0,1043.0,1061.15,1049.95,1049.25,1061.15,11584782,12225836727.95,1073.0,677.05,107623,INE860A01027,2021-08-06,2021-08-05T18:30:00.000Z,2021-08-06T12:00:34.617Z,2021-08-06T12:00:34.617Z,0,1055.34,06-Aug-2021,
40,611118e14df23100084ea880,HCLTECH,EQ,N,1066.75,1043.5,1057.8,1050.55,1047.15,1049.95,6321578,6663274510.95,1073.0,677.05,117124,INE860A01027,2021-08-09,2021-08-08T18:30:00.000Z,2021-08-09T12:00:33.855Z,2021-08-09T12:00:33.855Z,0,1054.05,09-Aug-2021,
41,61126a63cce4c40008592f03,HCLTECH,EQ,N,1072.3,1048.0,1052.5,1063.7,1061.75,1050.55,5871606,6218168316.7,1073.0,677.05,99218,INE860A01027,2021-08-10,2021-08-09T18:30:00.000Z,2021-08-10T12:00:35.655Z,2021-08-10T12:00:35.655Z,0,1059.02,10-Aug-2021,
42,6113bbdc3759be0008112094,HCLTECH,EQ,N,1079.0,1057.15,1070.95,1066.95,1067.0,1063.7,5011239,5356026313.3,1079.0,677.05,150291,INE860A01027,2021-08-11,2021-08-10T18:30:00.000Z,2021-08-11T12:00:28.192Z,2021-08-11T12:00:28.192Z,0,1068.8,11-Aug-2021,
43,61150d62ea5aa20008b5ec81,HCLTECH,EQ,N,1101.15,1068.0,1071.0,1096.5,1093.0,1066.95,6540144,7110138443.15,1101.15,677.05,189459,INE860A01027,2021-08-12,2021-08-11T18:30:00.000Z,2021-08-12T12:00:34.200Z,2021-08-12T12:00:34.200Z,0,1087.15,12-Aug-2021,
44,61165ee45fd7730008dabc79,HCLTECH,EQ,N,1123.95,1090.2,1099.0,1119.45,1123.95,1096.5,7270809,8096318621.8,1123.95,677.05,171773,INE860A01027,2021-08-13,2021-08-12T18:30:00.000Z,2021-08-13T12:00:36.266Z,2021-08-13T12:00:36.266Z,0,1113.54,13-Aug-2021,
45,611a5361cce4c4000835bfa9,HCLTECH,EQ,N,1129.35,1114.35,1120.95,1123.65,1122.0,1119.45,3159376,3550527603.2,1129.35,682.4,96215,INE860A01027,2021-08-16,2021-08-15T18:30:00.000Z,2021-08-16T12:00:33.739Z,2021-08-16T12:00:33.739Z,0,1123.81,16-Aug-2021,
46,611ba501cce4c4000862a9e3,HCLTECH,EQ,N,1151.95,1112.55,1119.25,1142.95,1141.8,1123.65,5295838,6037439530.7,1151.95,682.4,187468,INE860A01027,2021-08-17,2021-08-16T18:30:00.000Z,2021-08-17T12:01:05.314Z,2021-08-17T12:01:05.314Z,0,1140.03,17-Aug-2021,
47,611cf663913015000809b704,HCLTECH,EQ,N,1157.9,1131.6,1157.9,1134.25,1133.0,1142.95,4871006,5554276904.2,1157.9,682.4,154948,INE860A01027,2021-08-18,2021-08-17T18:30:00.000Z,2021-08-18T12:00:35.947Z,2021-08-18T12:00:35.947Z,0,1140.27,18-Aug-2021,
48,611f9961d448d000082abd81,HCLTECH,EQ,N,1140.75,1107.2,1107.5,1117.35,1120.0,1134.25,3467046,3897264185.25,1157.9,682.4,148461,INE860A01027,2021-08-20,2021-08-19T18:30:00.000Z,2021-08-20T12:00:33.989Z,2021-08-20T12:00:33.989Z,0,1124.09,20-Aug-2021,
49,61238de28095fa0008ef2391,HCLTECH,EQ,N,1178.2,1126.05,1129.0,1163.1,1165.0,1117.35,9383780,10876299203.55,1178.2,682.4,244369,INE860A01027,2021-08-23,2021-08-22T18:30:00.000Z,2021-08-23T12:00:34.044Z,2021-08-23T12:00:34.044Z,0,1159.05,23-Aug-2021,
50,6124df7fa9392500085197fd,HCLTECH,EQ,N,1173.0,1150.0,1167.95,1152.9,1151.9,1163.1,3947317,4564929779.5,1178.2,682.4,154289,INE860A01027,2021-08-24,2021-08-23T18:30:00.000Z,2021-08-24T12:01:03.662Z,2021-08-24T12:01:03.662Z,0,1156.46,24-Aug-2021,
51,612630db2596f30008058791,HCLTECH,EQ,N,1169.9,1140.3,1159.9,1154.35,1154.0,1152.9,3447912,3983780287.0,1178.2,682.4,108757,INE860A01027,2021-08-25,2021-08-24T18:30:00.000Z,2021-08-25T12:00:27.903Z,2021-08-25T12:00:27.903Z,0,1155.42,25-Aug-2021,
52,612782652596f300080590c7,HCLTECH,EQ,N,1172.0,1155.0,1159.9,1167.45,1168.1,1154.35,4654833,5424192591.5,1178.2,682.4,100869,INE860A01027,2021-08-26,2021-08-25T18:30:00.000Z,2021-08-26T12:00:37.864Z,2021-08-26T12:00:37.864Z,0,1165.28,26-Aug-2021,
53,6128d3ff91221d0009d5aa77,HCLTECH,EQ,N,1169.75,1159.5,1167.45,1162.95,1162.0,1167.45,3050466,3550259409.95,1178.2,682.4,153227,INE860A01027,2021-08-27,2021-08-26T18:30:00.000Z,2021-08-27T12:01:03.129Z,2021-08-27T12:01:03.129Z,0,1163.84,27-Aug-2021,
54,612cc863f99d720008a94baa,HCLTECH,EQ,N,1170.35,1154.55,1164.0,1163.4,1166.05,1162.95,2956868,3433885270.35,1178.2,682.4,89203,INE860A01027,2021-08-30,2021-08-29T18:30:00.000Z,2021-08-30T12:00:35.967Z,2021-08-30T12:00:35.967Z,0,1161.33,30-Aug-2021,
55,612e19dceb0c130008138629,HCLTECH,EQ,N,1193.4,1162.05,1166.0,1182.3,1179.3,1163.4,7199002,8473727643.65,1193.4,682.4,148654,INE860A01027,2021-08-31,2021-08-30T18:30:00.000Z,2021-08-31T12:00:28.376Z,2021-08-31T12:00:28.376Z,0,1177.07,31-Aug-2021,
56,612f6b62fca57e0008dc51a3,HCLTECH,EQ,N,1190.5,1161.75,1190.0,1164.65,1165.0,1182.3,3200410,3749663773.35,1193.4,682.4,121286,INE860A01027,2021-09-01,2021-08-31T18:30:00.000Z,2021-09-01T12:00:34.191Z,2021-09-01T12:00:34.191Z,0,1171.62,01-Sep-2021,
57,6130bcddadef1200085044bd,HCLTECH,EQ,N,1182.0,1154.0,1172.0,1172.75,1174.6,1164.65,5224479,6102623586.45,1193.4,682.4,98271,INE860A01027,2021-09-02,2021-09-01T18:30:00.000Z,2021-09-02T12:00:29.948Z,2021-09-02T12:00:29.948Z,0,1168.08,02-Sep-2021,
58,61320e7f4f4d7600089d8d97,HCLTECH,EQ,N,1180.6,1158.25,1173.5,1174.75,1174.6,1172.75,4533364,5303902851.45,1193.4,682.4,106635,INE860A01027,2021-09-03,2021-09-02T18:30:00.000Z,2021-09-03T12:01:03.464Z,2021-09-03T12:01:03.464Z,0,1169.97,03-Sep-2021,
59,613602e366f15f00089e90b0,HCLTECH,EQ,N,1210.1,1174.0,1175.0,1200.15,1206.0,1174.75,4331916,5151835506.3,1210.1,689.05,111753,INE860A01027,2021-09-06,2021-09-05T18:30:00.000Z,2021-09-06T12:00:35.528Z,2021-09-06T12:00:35.528Z,0,1189.27,06-Sep-2021,
60,6137547eeb333d0008c0ee02,HCLTECH,EQ,N,1214.95,1180.1,1214.0,1182.2,1184.0,1200.15,3721585,4443764214.65,1214.95,689.05,136991,INE860A01027,2021-09-07,2021-09-06T18:30:00.000Z,2021-09-07T12:01:03.002Z,2021-09-07T12:01:03.002Z,0,1194.05,07-Sep-2021,
61,6138a5dc5a558200095d3496,HCLTECH,EQ,N,1191.15,1167.05,1185.0,1188.8,1188.25,1182.2,3118518,3688056632.8,1214.95,689.05,99819,INE860A01027,2021-09-08,2021-09-07T18:30:00.000Z,2021-09-08T12:00:28.371Z,2021-09-08T12:00:28.371Z,0,1182.63,08-Sep-2021,
62,6139f7679241480008a1a723,HCLTECH,EQ,N,1204.95,1183.0,1192.0,1198.55,1198.95,1188.8,3388292,4038003547.3,1214.95,689.05,106361,INE860A01027,2021-09-09,2021-09-08T18:30:00.000Z,2021-09-09T12:00:39.773Z,2021-09-09T12:00:39.773Z,0,1191.75,09-Sep-2021,
63,60d07f81b6df770008f30570,HCLTECH,EQ,N,983.45,961.25,968.0,982.0,981.5,975.25,1639495,1597089098.95,1067.0,545.0,47795,INE860A01027,2021-06-21,2021-06-20T18:30:00.000Z,2021-06-21T12:01:05.170Z,2021-06-21T12:01:05.170Z,0,974.13,21-Jun-2021,
64,60d1d0e39d5cc50008707281,HCLTECH,EQ,N,988.2,976.25,982.1,980.1,978.1,982.0,2529648,2487308325.15,1067.0,545.0,55440,INE860A01027,2021-06-22,2021-06-21T18:30:00.000Z,2021-06-22T12:00:35.300Z,2021-06-22T12:00:35.300Z,0,983.26,22-Jun-2021,
65,60d3227f09721b000810136c,HCLTECH,EQ,N,985.0,971.0,985.0,972.9,974.25,980.1,2395543,2336759070.05,1067.0,545.0,66794,INE860A01027,2021-06-23,2021-06-22T18:30:00.000Z,2021-06-23T12:01:03.062Z,2021-06-23T12:01:03.062Z,0,975.46,23-Jun-2021,
66,60d473e3b6726400082d86c3,HCLTECH,EQ,N,994.6,969.1,972.0,989.7,984.9,972.9,4686567,4622470234.1,1067.0,545.0,97696,INE860A01027,2021-06-24,2021-06-23T18:30:00.000Z,2021-06-24T12:00:35.708Z,2021-06-24T12:00:35.708Z,0,986.32,24-Jun-2021,
67,60d5c561761eef0008b834c3,HCLTECH,EQ,N,1010.0,989.25,995.0,995.65,993.35,989.7,5196000,5190368868.15,1067.0,545.0,134545,INE860A01027,2021-06-25,2021-06-24T18:30:00.000Z,2021-06-25T12:00:33.317Z,2021-06-25T12:00:33.317Z,0,998.92,25-Jun-2021,
68,60d9b9de758776000816a6ff,HCLTECH,EQ,N,1000.0,984.2,1000.0,985.3,985.7,995.65,1844159,1822352749.85,1067.0,550.3,58687,INE860A01027,2021-06-28,2021-06-27T18:30:00.000Z,2021-06-28T12:00:30.155Z,2021-06-28T12:00:30.155Z,0,988.18,28-Jun-2021,
69,60db0b619d5cc500086133a0,HCLTECH,EQ,N,993.9,980.5,986.95,983.6,985.05,985.3,1895170,1868717748.1,1067.0,550.3,72654,INE860A01027,2021-06-29,2021-06-28T18:30:00.000Z,2021-06-29T12:00:33.085Z,2021-06-29T12:00:33.085Z,0,986.04,29-Jun-2021,
70,60dc5cdc7f32fd0009386cd6,HCLTECH,EQ,N,991.45,981.0,981.0,983.5,985.45,983.6,2682591,2643208523.8,1067.0,550.3,78993,INE860A01027,2021-06-30,2021-06-29T18:30:00.000Z,2021-06-30T12:00:28.527Z,2021-06-30T12:00:28.527Z,0,985.32,30-Jun-2021,
71,60ddae6215ea3f0008fe5292,HCLTECH,EQ,N,988.0,975.15,987.0,985.5,985.0,983.5,2861509,2813869270.9,1067.0,550.3,58045,INE860A01027,2021-07-01,2021-06-30T18:30:00.000Z,2021-07-01T12:00:34.023Z,2021-07-01T12:00:34.023Z,0,983.35,01-Jul-2021,
72,60deffe3f20fbd0009ce61a7,HCLTECH,EQ,N,987.6,977.25,983.55,984.65,985.7,985.5,1646631,1617648294.25,1067.0,550.3,57280,INE860A01027,2021-07-02,2021-07-01T18:30:00.000Z,2021-07-02T12:00:35.428Z,2021-07-02T12:00:35.428Z,0,982.4,02-Jul-2021,
73,60e2f461d502fe0008ce99a1,HCLTECH,EQ,N,995.9,978.0,991.7,979.75,979.5,984.65,2598033,2555389039.1,1067.0,573.0,99632,INE860A01027,2021-07-05,2021-07-04T18:30:00.000Z,2021-07-05T12:00:33.598Z,2021-07-05T12:00:33.598Z,0,983.59,05-Jul-2021,
74,60e445e3d77ada00087bd022,HCLTECH,EQ,N,982.2,970.2,980.0,972.05,974.0,979.75,2486069,2424324001.85,1067.0,573.0,69860,INE860A01027,2021-07-06,2021-07-05T18:30:00.000Z,2021-07-06T12:00:35.662Z,2021-07-06T12:00:35.662Z,0,975.16,06-Jul-2021,
75,60e5976325a08e00087c0ae4,HCLTECH,EQ,N,977.6,960.3,970.0,975.35,975.0,972.05,3014899,2921075434.5,1067.0,573.0,114845,INE860A01027,2021-07-07,2021-07-06T18:30:00.000Z,2021-07-07T12:00:35.147Z,2021-07-07T12:00:35.147Z,0,968.88,07-Jul-2021,
76,60e6e8e16972b0000896f044,HCLTECH,EQ,N,982.0,970.0,975.0,976.8,976.4,975.35,2555624,2493362417.6,1067.0,573.0,77865,INE860A01027,2021-07-08,2021-07-07T18:30:00.000Z,2021-07-08T12:00:33.591Z,2021-07-08T12:00:33.591Z,0,975.64,08-Jul-2021,
77,60e83a85b37c0d0008397732,HCLTECH,EQ,N,979.5,966.6,972.0,976.85,977.95,976.8,3218471,3135783152.05,1067.0,573.0,82149,INE860A01027,2021-07-09,2021-07-08T18:30:00.000Z,2021-07-09T12:01:09.356Z,2021-07-09T12:01:09.356Z,0,974.31,09-Jul-2021,
78,60ec2edb4341d20008421e38,HCLTECH,EQ,N,983.05,975.0,980.0,979.45,978.5,976.85,2037878,1995151315.85,1067.0,583.35,62011,INE860A01027,2021-07-12,2021-07-11T18:30:00.000Z,2021-07-12T12:00:27.671Z,2021-07-12T12:00:27.671Z,0,979.03,12-Jul-2021,
79,60ed80611c0e4d0008511ad1,HCLTECH,EQ,N,983.0,964.0,983.0,967.95,970.0,979.45,2997764,2904563104.7,1067.0,583.35,100217,INE860A01027,2021-07-13,2021-07-12T18:30:00.000Z,2021-07-13T12:00:33.121Z,2021-07-13T12:00:33.121Z,0,968.91,13-Jul-2021,
80,60eed1ff3872ec0008fc03f8,HCLTECH,EQ,N,992.95,968.1,968.25,989.45,987.9,967.95,4371180,4309390837.25,1067.0,583.35,88494,INE860A01027,2021-07-14,2021-07-13T18:30:00.000Z,2021-07-14T12:01:03.367Z,2021-07-14T12:01:03.367Z,0,985.86,14-Jul-2021,
81,60f02382cc96fb000856e6e3,HCLTECH,EQ,N,1052.5,990.8,993.0,1039.75,1039.05,989.45,12701032,13091895740.75,1067.0,583.35,270612,INE860A01027,2021-07-15,2021-07-14T18:30:00.000Z,2021-07-15T12:01:06.417Z,2021-07-15T12:01:06.417Z,0,1030.77,15-Jul-2021,
82,60f17500cc96fb00089bf17e,HCLTECH,EQ,N,1048.75,998.05,1044.9,1005.0,1006.0,1039.75,8665827,8763752609.7,1067.0,583.35,233510,INE860A01027,2021-07-16,2021-07-15T18:30:00.000Z,2021-07-16T12:01:04.801Z,2021-07-16T12:01:04.801Z,0,1011.3,16-Jul-2021,
83,60f5695de089b0000849d9a1,HCLTECH,EQ,N,1018.3,992.5,1005.0,1000.2,1001.9,1005.0,4644600,4653727315.3,1067.0,626.85,118571,INE860A01027,2021-07-19,2021-07-18T18:30:00.000Z,2021-07-19T12:00:29.076Z,2021-07-19T12:00:29.076Z,0,1001.97,19-Jul-2021,
84,60f6bae1874e330008166cde,HCLTECH,EQ,N,1012.2,969.35,999.0,977.2,977.0,1000.2,10216774,9998558947.0,1067.0,626.85,269005,INE860A01027,2021-07-20,2021-07-19T18:30:00.000Z,2021-07-20T12:00:33.680Z,2021-07-20T12:00:33.680Z,0,978.64,20-Jul-2021,
85,60f95dffcaa6960009720e9b,HCLTECH,EQ,N,981.5,970.0,970.0,978.6,979.0,977.2,6156400,6011038549.95,1067.0,626.85,204204,INE860A01027,2021-07-22,2021-07-21T18:30:00.000Z,2021-07-22T12:01:03.249Z,2021-07-22T12:01:03.249Z,0,976.39,22-Jul-2021,
86,60faaf80874e3300088b0b71,HCLTECH,EQ,N,1003.9,982.6,984.7,994.0,994.0,978.6,5265839,5238329658.1,1067.0,626.85,130451,INE860A01027,2021-07-23,2021-07-22T18:30:00.000Z,2021-07-23T12:01:04.750Z,2021-07-23T12:01:04.750Z,0,994.78,23-Jul-2021,
87,60fea3e25e75500008861c08,HCLTECH,EQ,N,1004.0,987.25,994.0,1000.3,1000.7,994.0,2477027,2475385447.1,1067.0,676.5,70649,INE860A01027,2021-07-26,2021-07-25T18:30:00.000Z,2021-07-26T12:00:34.209Z,2021-07-26T12:00:34.209Z,0,999.34,26-Jul-2021,
88,60fff57f3b69e400088b8b4f,HCLTECH,EQ,N,1002.2,983.85,1000.0,992.0,993.65,1000.3,2883514,2858285474.0,1067.0,676.5,61114,INE860A01027,2021-07-27,2021-07-26T18:30:00.000Z,2021-07-27T12:01:03.291Z,2021-07-27T12:01:03.291Z,0,991.25,27-Jul-2021,"[{'symbol': 'HCLTECH', 'series': 'EQ', 'ind': '-', 'faceVal': '2', 'subject': ' Interim Dividend - Rs 6 Per Share', 'exDate': '27-Jul-2021', 'recDate': '28-Jul-2021', 'bcStartDate': '-', 'bcEndDate': '-', 'ndStartDate': '-', 'comp': 'HCL Technologies Limited', 'isin': 'INE860A01027', 'ndEndDate': '-', 'caBroadcastDate': None}]"
89,610146ffa8ea98000873cd8d,HCLTECH,EQ,N,995.95,977.3,995.0,983.1,984.85,992.0,2952249,2908879896.7,1067.0,676.5,98430,INE860A01027,2021-07-28,2021-07-27T18:30:00.000Z,2021-07-28T12:01:03.291Z,2021-07-28T12:01:03.291Z,0,985.31,28-Jul-2021,
90,61029880ebb5b00008937f71,HCLTECH,EQ,N,1009.0,985.55,985.55,1007.6,1008.95,983.1,4732101,4750730526.4,1067.0,676.5,150281,INE860A01027,2021-07-29,2021-07-28T18:30:00.000Z,2021-07-29T12:01:04.937Z,2021-07-29T12:01:04.937Z,0,1003.94,29-Jul-2021,
91,6103ea00ebb5b00008cf559a,HCLTECH,EQ,N,1049.95,1009.9,1013.0,1024.95,1022.3,1007.6,9330054,9658362635.2,1067.0,676.5,212993,INE860A01027,2021-07-30,2021-07-29T18:30:00.000Z,2021-07-30T12:01:04.792Z,2021-07-30T12:01:04.792Z,0,1035.19,30-Jul-2021,
92,609bc37fc132690009efff79,HCLTECH,EQ,N,908.95,895.0,906.15,906.1,908.9,907.3,4076940,3677058688.45,1067.0,505.25,121902,INE860A01027,2021-05-12,2021-05-11T18:30:00.000Z,2021-05-12T12:01:03.126Z,2021-05-12T12:01:03.126Z,0,901.92,12-May-2021,
93,609e667f885aee00088f473e,HCLTECH,EQ,N,912.0,896.5,909.0,910.35,910.6,906.1,5184569,4686626714.1,1067.0,505.25,141247,INE860A01027,2021-05-14,2021-05-13T18:30:00.000Z,2021-05-14T12:01:03.554Z,2021-05-14T12:01:03.554Z,0,903.96,14-May-2021,
94,60a25afe4e61470008bbee02,HCLTECH,EQ,N,927.2,910.1,914.6,922.15,922.0,910.35,7956551,7328107486.65,1067.0,506.2,163399,INE860A01027,2021-05-17,2021-05-16T18:30:00.000Z,2021-05-17T12:01:02.744Z,2021-05-17T12:01:02.744Z,0,921.02,17-May-2021,
95,60a3ac7ebcb6750008860ea8,HCLTECH,EQ,N,939.5,924.5,928.0,931.6,932.9,922.15,5913426,5517668114.0,1067.0,506.2,150926,INE860A01027,2021-05-18,2021-05-17T18:30:00.000Z,2021-05-18T12:01:02.532Z,2021-05-18T12:01:02.532Z,0,933.07,18-May-2021,
96,60a4fdff1247b900089e3877,HCLTECH,EQ,N,941.0,925.15,928.0,931.4,932.95,931.6,4178834,3904960882.15,1067.0,506.2,88976,INE860A01027,2021-05-19,2021-05-18T18:30:00.000Z,2021-05-19T12:01:03.866Z,2021-05-19T12:01:03.866Z,0,934.46,19-May-2021,
97,60a64f7f9a1015000919d189,HCLTECH,EQ,N,934.8,922.05,932.0,924.4,925.45,931.4,4753782,4398878266.8,1067.0,506.2,131917,INE860A01027,2021-05-20,2021-05-19T18:30:00.000Z,2021-05-20T12:01:03.366Z,2021-05-20T12:01:03.366Z,0,925.34,20-May-2021,
98,60a7a0e0c7277a00086e37ab,HCLTECH,EQ,N,934.65,923.0,925.5,930.65,932.0,924.4,4161547,3868735162.35,1067.0,506.2,123901,INE860A01027,2021-05-21,2021-05-20T18:30:00.000Z,2021-05-21T12:00:32.678Z,2021-05-21T12:00:32.678Z,0,929.64,21-May-2021,
99,60ab957f03728a0009a35940,HCLTECH,EQ,N,939.0,927.7,931.5,932.8,933.05,930.65,4191877,3916339863.65,1067.0,516.0,82909,INE860A01027,2021-05-24,2021-05-23T18:30:00.000Z,2021-05-24T12:01:03.314Z,2021-05-24T12:01:03.314Z,0,934.27,24-May-2021,
100,60ace6fe3e1c5500087669cf,HCLTECH,EQ,N,943.8,935.15,938.0,940.6,941.0,932.8,5032874,4732549771.05,1067.0,516.0,130222,INE860A01027,2021-05-25,2021-05-24T18:30:00.000Z,2021-05-25T12:01:02.555Z,2021-05-25T12:01:02.555Z,0,940.33,25-May-2021,
101,60ae3881e53e1c0008d910ba,HCLTECH,EQ,N,948.95,932.55,940.0,945.8,946.0,940.6,5017674,4723912196.55,1067.0,516.0,122694,INE860A01027,2021-05-26,2021-05-25T18:30:00.000Z,2021-05-26T12:01:05.976Z,2021-05-26T12:01:05.976Z,0,941.45,26-May-2021,
102,60af89e423db9e0008efd11f,HCLTECH,EQ,N,956.9,938.1,949.0,942.4,943.0,945.8,9078274,8595671031.9,1067.0,516.0,147589,INE860A01027,2021-05-27,2021-05-26T18:30:00.000Z,2021-05-27T12:00:36.824Z,2021-05-27T12:00:36.824Z,0,946.84,27-May-2021,
103,60b0db82ecad4f0008644317,HCLTECH,EQ,N,949.75,937.4,940.05,942.55,944.0,942.4,4098094,3868244727.5,1067.0,516.0,100104,INE860A01027,2021-05-28,2021-05-27T18:30:00.000Z,2021-05-28T12:01:06.957Z,2021-05-28T12:01:06.957Z,0,943.91,28-May-2021,
104,60b4cfff99942d0008df079c,HCLTECH,EQ,N,947.85,932.6,941.55,945.2,946.0,942.55,4171524,3930085610.05,1067.0,545.0,78150,INE860A01027,2021-05-31,2021-05-30T18:30:00.000Z,2021-05-31T12:01:03.127Z,2021-05-31T12:01:03.127Z,0,942.12,31-May-2021,
105,60b6217f1746750008d2b22f,HCLTECH,EQ,N,952.0,942.05,948.0,950.7,950.0,945.2,2944472,2791513542.6,1067.0,545.0,83295,INE860A01027,2021-06-01,2021-05-31T18:30:00.000Z,2021-06-01T12:01:03.482Z,2021-06-01T12:01:03.482Z,0,948.05,01-Jun-2021,
106,60b772e4174675000806e01b,HCLTECH,EQ,N,950.7,937.6,947.0,943.75,945.0,950.7,3657189,3443152840.55,1067.0,545.0,78053,INE860A01027,2021-06-02,2021-06-01T18:30:00.000Z,2021-06-02T12:00:36.100Z,2021-06-02T12:00:36.100Z,0,941.48,02-Jun-2021,
107,60b8c47ef1e4290008f839c3,HCLTECH,EQ,N,949.8,937.0,945.0,939.45,939.0,943.75,4164240,3914851063.65,1067.0,545.0,100377,INE860A01027,2021-06-03,2021-06-02T18:30:00.000Z,2021-06-03T12:01:02.915Z,2021-06-03T12:01:02.915Z,0,940.11,03-Jun-2021,
108,60ba15e2fd6cfd0008ece429,HCLTECH,EQ,N,944.2,934.75,940.1,936.55,935.45,939.45,3550303,3334341915.25,1067.0,545.0,76212,INE860A01027,2021-06-04,2021-06-03T18:30:00.000Z,2021-06-04T12:00:34.838Z,2021-06-04T12:00:34.838Z,0,939.17,04-Jun-2021,
109,60be0a64e54865000822a2c5,HCLTECH,EQ,N,951.95,937.1,939.0,949.6,951.45,936.55,3282517,3104553113.1,1067.0,545.0,85146,INE860A01027,2021-06-07,2021-06-06T18:30:00.000Z,2021-06-07T12:00:36.758Z,2021-06-07T12:00:36.758Z,0,945.78,07-Jun-2021,
110,60bf5be3d2265400080d7fae,HCLTECH,EQ,N,972.0,951.45,952.0,967.2,967.0,949.6,6385642,6168041606.5,1067.0,545.0,152721,INE860A01027,2021-06-08,2021-06-07T18:30:00.000Z,2021-06-08T12:00:35.216Z,2021-06-08T12:00:35.216Z,0,965.92,08-Jun-2021,
111,60c0ad651318bc0008009aa0,HCLTECH,EQ,N,985.0,965.1,973.9,971.3,972.0,967.2,5521459,5378643321.2,1067.0,545.0,128350,INE860A01027,2021-06-09,2021-06-08T18:30:00.000Z,2021-06-09T12:00:37.037Z,2021-06-09T12:00:37.037Z,0,974.13,09-Jun-2021,
112,60c1feff81433a00081e9ca3,HCLTECH,EQ,N,981.65,966.55,979.5,968.55,968.25,971.3,3878256,3770140244.6,1067.0,545.0,95725,INE860A01027,2021-06-10,2021-06-09T18:30:00.000Z,2021-06-10T12:01:03.323Z,2021-06-10T12:01:03.323Z,0,972.12,10-Jun-2021,
113,60c3505c99ad6d0008be9e7a,HCLTECH,EQ,N,990.0,970.5,976.0,983.35,982.8,968.55,4777035,4698075395.3,1067.0,545.0,107510,INE860A01027,2021-06-11,2021-06-10T18:30:00.000Z,2021-06-11T12:00:28.325Z,2021-06-11T12:00:28.325Z,0,983.47,11-Jun-2021,
114,60c744e9fa74920009970bdc,HCLTECH,EQ,N,988.45,976.0,983.0,984.2,984.9,983.35,2236373,2198499290.4,1067.0,545.0,61546,INE860A01027,2021-06-14,2021-06-13T18:30:00.000Z,2021-06-14T12:00:41.381Z,2021-06-14T12:00:41.381Z,0,983.06,14-Jun-2021,
115,60c896839655b00008f2ec20,HCLTECH,EQ,N,993.0,983.2,985.1,985.45,985.0,984.2,2559001,2527917580.65,1067.0,545.0,77275,INE860A01027,2021-06-15,2021-06-14T18:30:00.000Z,2021-06-15T12:01:07.428Z,2021-06-15T12:01:07.428Z,0,987.85,15-Jun-2021,
116,60c9e8019af7c3000870276c,HCLTECH,EQ,N,986.0,974.0,984.05,979.4,983.0,985.45,3138753,3077000647.45,1067.0,545.0,111172,INE860A01027,2021-06-16,2021-06-15T18:30:00.000Z,2021-06-16T12:01:05.345Z,2021-06-16T12:01:05.345Z,0,980.33,16-Jun-2021,
117,60cb397f9af7c30008a1de96,HCLTECH,EQ,N,988.95,978.55,980.0,986.4,985.0,979.4,3609989,3552053853.05,1067.0,545.0,121395,INE860A01027,2021-06-17,2021-06-16T18:30:00.000Z,2021-06-17T12:01:03.910Z,2021-06-17T12:01:03.910Z,0,983.95,17-Jun-2021,
118,60cc8ae3d4ffb6000952d60a,HCLTECH,EQ,N,996.7,970.1,990.0,975.25,974.8,986.4,5622783,5513859655.75,1067.0,545.0,134661,INE860A01027,2021-06-18,2021-06-17T18:30:00.000Z,2021-06-18T12:00:35.036Z,2021-06-18T12:00:35.036Z,0,980.63,18-Jun-2021,
119,60d07f81b6df770008f30570,HCLTECH,EQ,N,983.45,961.25,968.0,982.0,981.5,975.25,1639495,1597089098.95,1067.0,545.0,47795,INE860A01027,2021-06-21,2021-06-20T18:30:00.000Z,2021-06-21T12:01:05.170Z,2021-06-21T12:01:05.170Z,0,974.13,21-Jun-2021,
120,606afbe150e7c50009ea5722,HCLTECH,EQ,N,1040.0,1002.6,1007.0,1033.5,1034.55,1002.6,9452833,9667201514.45,1067.0,425.0,235092,INE860A01027,2021-04-05,2021-04-04T18:30:00.000Z,2021-04-05T12:00:33.584Z,2021-04-05T12:00:33.584Z,0,1022.68,05-Apr-2021,
121,606c4d7ee414300008c057be,HCLTECH,EQ,N,1040.6,1020.25,1039.0,1028.4,1029.0,1033.5,4260257,4383777397.65,1067.0,425.0,126271,INE860A01027,2021-04-06,2021-04-05T18:30:00.000Z,2021-04-06T12:01:02.772Z,2021-04-06T12:01:02.772Z,0,1028.99,06-Apr-2021,
122,606d9ee4a5b3e50008f95117,HCLTECH,EQ,N,1045.0,1024.7,1031.0,1037.2,1037.0,1028.4,3551106,3674264937.8,1067.0,425.0,105511,INE860A01027,2021-04-07,2021-04-06T18:30:00.000Z,2021-04-07T12:00:36.623Z,2021-04-07T12:00:36.623Z,0,1034.68,07-Apr-2021,
123,606ef07fee0ef7000821bc64,HCLTECH,EQ,N,1054.4,1031.65,1044.0,1037.5,1037.15,1037.2,4852068,5052173109.2,1067.0,425.0,120480,INE860A01027,2021-04-08,2021-04-07T18:30:00.000Z,2021-04-08T12:01:03.214Z,2021-04-08T12:01:03.214Z,0,1041.24,08-Apr-2021,
124,607041e4b4027f0009885156,HCLTECH,EQ,N,1054.8,1034.15,1042.1,1045.4,1043.05,1037.5,3708082,3874842000.0,1067.0,425.0,82356,INE860A01027,2021-04-09,2021-04-08T18:30:00.000Z,2021-04-09T12:00:36.283Z,2021-04-09T12:00:36.283Z,0,1044.97,09-Apr-2021,
125,6074367e905dbc00081586a0,HCLTECH,EQ,N,1042.95,1001.2,1042.95,1009.4,1012.95,1045.4,5976427,6071895752.75,1067.0,447.85,141109,INE860A01027,2021-04-12,2021-04-11T18:30:00.000Z,2021-04-12T12:01:02.933Z,2021-04-12T12:01:02.933Z,0,1015.97,12-Apr-2021,
126,607587e4a1a6020009d61ab5,HCLTECH,EQ,N,1020.8,972.2,1012.5,983.4,988.3,1009.4,7773994,7704218737.95,1067.0,447.85,191456,INE860A01027,2021-04-13,2021-04-12T18:30:00.000Z,2021-04-13T12:00:36.407Z,2021-04-13T12:00:36.407Z,0,991.02,13-Apr-2021,
127,60782ae3b4027f000990b63b,HCLTECH,EQ,N,994.7,958.75,968.0,991.9,994.0,983.4,7430279,7258737461.05,1067.0,447.85,210308,INE860A01027,2021-04-15,2021-04-14T18:30:00.000Z,2021-04-15T12:00:35.854Z,2021-04-15T12:00:35.854Z,0,976.91,15-Apr-2021,
128,60797c7e06a23a00086a1131,HCLTECH,EQ,N,1016.8,994.5,1000.0,1012.75,1016.0,991.9,4677808,4724444556.45,1067.0,447.85,80815,INE860A01027,2021-04-16,2021-04-15T18:30:00.000Z,2021-04-16T12:01:02.970Z,2021-04-16T12:01:02.970Z,0,1009.97,16-Apr-2021,
129,607d70e332a7350008fd3b06,HCLTECH,EQ,N,1028.45,987.85,996.0,994.6,990.0,1012.75,6239343,6295207034.3,1067.0,447.85,141513,INE860A01027,2021-04-19,2021-04-18T18:30:00.000Z,2021-04-19T12:00:35.484Z,2021-04-19T12:00:35.484Z,0,1008.95,19-Apr-2021,
130,607ec27f28c94600080bc74c,HCLTECH,EQ,N,1006.0,957.0,1006.0,961.3,960.9,994.6,9742418,9470362573.4,1067.0,447.85,211611,INE860A01027,2021-04-20,2021-04-19T18:30:00.000Z,2021-04-20T12:01:03.123Z,2021-04-20T12:01:03.123Z,0,972.08,20-Apr-2021,
131,6081657e3641bb0008a8fbcb,HCLTECH,EQ,N,971.9,955.3,966.0,961.9,960.8,961.3,4970596,4790276448.65,1067.0,447.85,124163,INE860A01027,2021-04-22,2021-04-21T18:30:00.000Z,2021-04-22T12:01:03.008Z,2021-04-22T12:01:03.008Z,0,963.72,22-Apr-2021,
132,6082b6e36140660008b5b062,HCLTECH,EQ,N,974.85,950.2,964.0,955.65,956.5,961.9,6023490,5798744595.95,1067.0,447.85,125365,INE860A01027,2021-04-23,2021-04-22T18:30:00.000Z,2021-04-23T12:00:35.116Z,2021-04-23T12:00:35.116Z,0,962.69,23-Apr-2021,
133,6088066180572900081c8cb3,HCLTECH,EQ,N,954.5,923.05,940.0,928.8,930.0,955.65,19619972,18279965685.85,1067.0,467.25,311431,INE860A01027,2021-04-26,2021-04-25T18:30:00.000Z,2021-04-27T12:41:05.939Z,2021-04-27T12:41:05.939Z,0,931.7,26-Apr-2021,
134,6088069dccdda4000887d612,HCLTECH,EQ,N,938.55,923.4,931.0,928.85,930.3,928.8,6406825,5945938317.2,1067.0,467.25,180458,INE860A01027,2021-04-27,2021-04-26T18:30:00.000Z,2021-04-27T12:42:05.895Z,2021-04-27T12:42:05.895Z,0,928.06,27-Apr-2021,
135,60894e6306a23a0008579375,HCLTECH,EQ,N,935.85,921.75,931.2,923.8,925.9,928.85,6845677,6343402929.7,1067.0,467.25,228230,INE860A01027,2021-04-28,2021-04-27T18:30:00.000Z,2021-04-28T12:00:35.548Z,2021-04-28T12:00:35.548Z,0,926.63,28-Apr-2021,
136,608aa004fc34330008f838f8,HCLTECH,EQ,N,929.7,907.1,929.7,909.55,910.3,923.8,8588734,7852987703.4,1067.0,467.25,363122,INE860A01027,2021-04-29,2021-04-28T18:30:00.000Z,2021-04-29T12:01:09.018Z,2021-04-29T12:01:09.018Z,0,914.34,29-Apr-2021,"[{'symbol': 'HCLTECH', 'series': 'EQ', 'ind': '-', 'faceVal': '2', 'subject': ' Interim Dividend - Rs 6 Per Share Special Interim Dividend - Rs 10 Per Share', 'exDate': '29-Apr-2021', 'recDate': '01-May-2021', 'bcStartDate': '-', 'bcEndDate': '-', 'ndStartDate': '-', 'comp': 'HCL Technologies Limited', 'isin': 'INE860A01027', 'ndEndDate': '-', 'caBroadcastDate': None}]"
137,608bf18246f86b00096b145d,HCLTECH,EQ,N,915.0,895.4,905.0,898.95,900.1,909.55,10921664,9883911213.8,1067.0,467.25,465056,INE860A01027,2021-04-30,2021-04-29T18:30:00.000Z,2021-04-30T12:01:06.967Z,2021-04-30T12:01:06.967Z,0,904.98,30-Apr-2021,
138,608fe5ffc881750008a9fe36,HCLTECH,EQ,N,910.45,891.0,898.75,907.7,909.9,898.95,6871176,6207872991.15,1067.0,502.4,192077,INE860A01027,2021-05-03,2021-05-02T18:30:00.000Z,2021-05-03T12:01:03.304Z,2021-05-03T12:01:03.304Z,0,903.47,03-May-2021,
139,6091377f45df9f0008e93e0e,HCLTECH,EQ,N,915.0,899.25,910.0,900.95,902.95,907.7,6217026,5644301124.0,1067.0,502.4,168209,INE860A01027,2021-05-04,2021-05-03T18:30:00.000Z,2021-05-04T12:01:03.216Z,2021-05-04T12:01:03.216Z,0,907.88,04-May-2021,
140,609288e6c13269000942c17f,HCLTECH,EQ,N,910.8,900.6,903.95,909.4,910.15,900.95,2696835,2444085189.35,1067.0,502.4,101282,INE860A01027,2021-05-05,2021-05-04T18:30:00.000Z,2021-05-05T12:00:38.318Z,2021-05-05T12:00:38.318Z,0,906.28,05-May-2021,
141,6093da7ea51b5b0008e13e8d,HCLTECH,EQ,N,923.9,901.25,912.0,916.0,915.2,909.4,6319104,5762420235.55,1067.0,502.4,143748,INE860A01027,2021-05-06,2021-05-05T18:30:00.000Z,2021-05-06T12:01:02.792Z,2021-05-06T12:01:02.792Z,0,911.9,06-May-2021,
142,60952be158429e0008542251,HCLTECH,EQ,N,921.4,913.7,918.0,916.4,915.55,916.0,3651558,3348726455.4,1067.0,502.4,78952,INE860A01027,2021-05-07,2021-05-06T18:30:00.000Z,2021-05-07T12:00:33.421Z,2021-05-07T12:00:33.421Z,0,917.07,07-May-2021,
143,6099206628330700080ff9be,HCLTECH,EQ,N,921.6,910.2,918.05,913.95,913.95,916.4,4029147,3683235546.45,1067.0,505.25,124563,INE860A01027,2021-05-10,2021-05-09T18:30:00.000Z,2021-05-10T12:00:38.853Z,2021-05-10T12:00:38.853Z,0,914.15,10-May-2021,
144,609a71ff45df9f0008b76ac8,HCLTECH,EQ,N,912.45,905.1,908.5,907.3,907.4,913.95,3818154,3468499141.5,1067.0,505.25,123163,INE860A01027,2021-05-11,2021-05-10T18:30:00.000Z,2021-05-11T12:01:03.112Z,2021-05-11T12:01:03.112Z,0,908.42,11-May-2021,
145,609bc37fc132690009efff79,HCLTECH,EQ,N,908.95,895.0,906.15,906.1,908.9,907.3,4076940,3677058688.45,1067.0,505.25,121902,INE860A01027,2021-05-12,2021-05-11T18:30:00.000Z,2021-05-12T12:01:03.126Z,2021-05-12T12:01:03.126Z,0,901.92,12-May-2021,
146,60339ce21fa56800082f6582,HCLTECH,EQ,N,951.45,916.05,949.5,920.15,918.6,950.15,5043203,4691780610.25,1067.0,375.25,154368,INE860A01027,2021-02-22,2021-02-21T18:30:00.000Z,2021-02-22T12:00:34.365Z,2021-02-22T12:00:34.365Z,0,930.32,22-Feb-2021,
147,6034ee5df2cc160009225478,HCLTECH,EQ,N,930.0,906.55,924.0,909.95,911.45,920.15,5916942,5423238918.8,1067.0,375.25,154991,INE860A01027,2021-02-23,2021-02-22T18:30:00.000Z,2021-02-23T12:00:29.736Z,2021-02-23T12:00:29.736Z,0,916.56,23-Feb-2021,
148,60365c97c65ab700086bb3db,HCLTECH,EQ,N,919.45,905.5,918.0,916.0,913.0,909.95,3435827,3138512395.5,1067.0,375.25,97531,INE860A01027,2021-02-24,2021-02-23T18:30:00.000Z,2021-02-24T14:03:03.127Z,2021-02-24T14:03:03.127Z,0,913.47,24-Feb-2021,
149,6037917fd3429100084f4322,HCLTECH,EQ,N,934.05,922.15,925.9,929.25,931.8,916.0,6234947,5796172592.5,1067.0,375.25,203430,INE860A01027,2021-02-25,2021-02-24T18:30:00.000Z,2021-02-25T12:01:03.486Z,2021-02-25T12:01:03.486Z,0,929.63,25-Feb-2021,
150,6038e2fe48a71b000890bdc7,HCLTECH,EQ,N,925.0,905.1,908.0,909.45,911.0,929.25,9198218,8409490272.5,1067.0,375.25,215577,INE860A01027,2021-02-26,2021-02-25T18:30:00.000Z,2021-02-26T12:01:02.852Z,2021-02-26T12:01:02.852Z,0,914.25,26-Feb-2021,
151,603cd781d342910008d7e401,HCLTECH,EQ,N,934.45,915.65,916.0,930.35,931.0,909.45,5397960,5015649590.6,1067.0,375.25,133976,INE860A01027,2021-03-01,2021-02-28T18:30:00.000Z,2021-03-01T12:01:05.210Z,2021-03-01T12:01:05.210Z,0,929.18,01-Mar-2021,
152,603e28fee88009000870f5a0,HCLTECH,EQ,N,957.9,928.6,933.85,953.75,952.0,930.35,6715548,6348872636.5,1067.0,375.25,141499,INE860A01027,2021-03-02,2021-03-01T18:30:00.000Z,2021-03-02T12:01:02.833Z,2021-03-02T12:01:02.833Z,0,945.4,02-Mar-2021,
153,603f7a5c60e1740008d80ec9,HCLTECH,EQ,N,968.0,947.0,965.0,965.25,963.35,953.75,5742015,5511805742.25,1067.0,375.25,123910,INE860A01027,2021-03-03,2021-03-02T18:30:00.000Z,2021-03-03T12:00:28.405Z,2021-03-03T12:00:28.405Z,0,959.91,03-Mar-2021,
154,6040cbfef782e80008e63d7f,HCLTECH,EQ,N,969.9,951.35,952.0,958.0,960.25,965.25,6268541,6026676809.75,1067.0,375.25,140258,INE860A01027,2021-03-04,2021-03-03T18:30:00.000Z,2021-03-04T12:01:02.826Z,2021-03-04T12:01:02.826Z,0,961.42,04-Mar-2021,
155,60421d7ff87f7d00085f2cea,HCLTECH,EQ,N,972.0,936.3,956.1,941.5,943.75,958.0,5992152,5742263104.9,1067.0,375.25,122836,INE860A01027,2021-03-05,2021-03-04T18:30:00.000Z,2021-03-05T12:01:03.510Z,2021-03-05T12:01:03.510Z,0,958.3,05-Mar-2021,
156,60461202f782e800082f8f09,HCLTECH,EQ,N,973.0,944.0,952.5,961.9,964.1,941.5,5621823,5408357440.4,1067.0,375.25,112495,INE860A01027,2021-03-08,2021-03-07T18:30:00.000Z,2021-03-08T12:01:06.435Z,2021-03-08T12:01:06.435Z,0,962.03,08-Mar-2021,
157,604763611869d100087592f1,HCLTECH,EQ,N,976.9,949.1,964.1,973.15,976.1,961.9,5440319,5246947170.85,1067.0,375.25,142977,INE860A01027,2021-03-09,2021-03-08T18:30:00.000Z,2021-03-09T12:00:33.631Z,2021-03-09T12:00:33.631Z,0,964.46,09-Mar-2021,
158,6048b4e1b02c4600080fd091,HCLTECH,EQ,N,995.1,979.7,985.7,988.5,987.0,973.15,7694950,7604716573.9,1067.0,375.25,183049,INE860A01027,2021-03-10,2021-03-09T18:30:00.000Z,2021-03-10T12:00:33.452Z,2021-03-10T12:00:33.452Z,0,988.27,10-Mar-2021,
159,604b57dc72247e0008e052f1,HCLTECH,EQ,N,1002.8,973.6,988.5,979.25,980.0,988.5,6447010,6378779711.9,1067.0,375.25,189085,INE860A01027,2021-03-12,2021-03-11T18:30:00.000Z,2021-03-12T12:00:28.040Z,2021-03-12T12:00:28.040Z,0,989.42,12-Mar-2021,
160,604f4c7fc00cd5000824fc19,HCLTECH,EQ,N,994.35,967.35,977.5,992.35,992.85,979.25,5321081,5254306042.35,1067.0,375.25,141690,INE860A01027,2021-03-15,2021-03-14T18:30:00.000Z,2021-03-15T12:01:03.372Z,2021-03-15T12:01:03.372Z,0,987.45,15-Mar-2021,
161,60509de16ad8c20008652428,HCLTECH,EQ,N,1018.8,990.45,993.0,1007.25,1008.05,992.35,8094575,8166798678.25,1067.0,375.25,180173,INE860A01027,2021-03-16,2021-03-15T18:30:00.000Z,2021-03-16T12:00:33.625Z,2021-03-16T12:00:33.625Z,0,1008.92,16-Mar-2021,
162,6051ef65e9990500087f3500,HCLTECH,EQ,N,1023.9,982.7,1012.0,987.45,990.5,1007.25,6758901,6798122996.0,1067.0,375.25,166390,INE860A01027,2021-03-17,2021-03-16T18:30:00.000Z,2021-03-17T12:00:37.181Z,2021-03-17T12:00:37.181Z,0,1005.8,17-Mar-2021,
163,605340e217e26700093f0d39,HCLTECH,EQ,N,999.75,932.4,995.0,947.75,953.15,987.45,8269566,7983906382.4,1067.0,375.25,187399,INE860A01027,2021-03-18,2021-03-17T18:30:00.000Z,2021-03-18T12:00:34.602Z,2021-03-18T12:00:34.602Z,0,965.46,18-Mar-2021,
164,6054927f6bba56000820a195,HCLTECH,EQ,N,969.0,937.7,950.0,960.45,962.0,947.75,9004154,8636397808.0,1067.0,375.25,173072,INE860A01027,2021-03-19,2021-03-18T18:30:00.000Z,2021-03-19T12:01:03.841Z,2021-03-19T12:01:03.841Z,0,959.16,19-Mar-2021,
165,605886ff022baa00098a7cee,HCLTECH,EQ,N,982.45,944.6,960.45,978.75,977.05,960.45,4745254,4590319099.4,1067.0,399.3,118618,INE860A01027,2021-03-22,2021-03-21T18:30:00.000Z,2021-03-22T12:01:03.509Z,2021-03-22T12:01:03.509Z,0,967.35,22-Mar-2021,
166,6059d8636bba5600089575b9,HCLTECH,EQ,N,992.9,971.8,983.65,980.85,981.0,978.75,5158305,5066421078.55,1067.0,399.3,135696,INE860A01027,2021-03-23,2021-03-22T18:30:00.000Z,2021-03-23T12:00:35.511Z,2021-03-23T12:00:35.511Z,0,982.19,23-Mar-2021,
167,605b29ff96d7ff000815d4ff,HCLTECH,EQ,N,984.75,965.8,971.05,975.65,974.55,980.85,3874331,3786179051.65,1067.0,399.3,88387,INE860A01027,2021-03-24,2021-03-23T18:30:00.000Z,2021-03-24T12:01:03.586Z,2021-03-24T12:01:03.586Z,0,977.25,24-Mar-2021,
168,605c7b621eb5f20008a435cd,HCLTECH,EQ,N,974.5,950.0,970.0,957.05,962.0,975.65,4879437,4709828579.65,1067.0,399.3,110892,INE860A01027,2021-03-25,2021-03-24T18:30:00.000Z,2021-03-25T12:00:34.807Z,2021-03-25T12:00:34.807Z,0,965.24,25-Mar-2021,
169,605dcce4ba1816000875f943,HCLTECH,EQ,N,975.0,953.8,965.0,958.55,960.0,957.05,4271178,4112272425.6,1067.0,399.3,96782,INE860A01027,2021-03-26,2021-03-25T18:30:00.000Z,2021-03-26T12:00:36.074Z,2021-03-26T12:00:36.074Z,0,962.8,26-Mar-2021,
170,60631d8ef5299b0008fe3349,HCLTECH,EQ,N,1000.8,964.45,965.0,995.8,995.1,958.55,5475051,5399551432.65,1067.0,399.3,121367,INE860A01027,2021-03-30,2021-03-29T18:30:00.000Z,2021-03-30T12:46:06.479Z,2021-03-30T12:46:06.479Z,0,986.21,30-Mar-2021,
171,6064645c03368200081c1f3a,HCLTECH,EQ,N,1000.0,978.65,1000.0,982.65,984.1,995.8,4445140,4394922519.45,1067.0,399.3,91412,INE860A01027,2021-03-31,2021-03-30T18:30:00.000Z,2021-03-31T12:00:28.834Z,2021-03-31T12:00:28.834Z,0,988.7,31-Mar-2021,
172,6065b5e313110000089f8f5f,HCLTECH,EQ,N,1013.5,990.6,992.0,1002.6,1000.6,982.65,5269079,5292029105.0,1067.0,399.3,97439,INE860A01027,2021-04-01,2021-03-31T18:30:00.000Z,2021-04-01T12:00:35.861Z,2021-04-01T12:00:35.861Z,0,1004.36,01-Apr-2021,
173,5ffd8f7f5a01880008024e88,HCLTECH,EQ,N,1065.05,1038.7,1052.0,1062.1,1064.0,1055.1,6700542,7030502202.05,1065.05,375.25,183794,INE860A01027,2021-01-12,2021-01-11T18:30:00.000Z,2021-01-12T12:01:03.382Z,2021-01-12T12:01:03.382Z,0,1049.24,12-Jan-2021,
174,5ffee0dcc4dee300088dd7e4,HCLTECH,EQ,N,1067.0,1041.0,1064.0,1055.95,1057.0,1062.1,6691409,7055244429.8,1067.0,375.25,139957,INE860A01027,2021-01-13,2021-01-12T18:30:00.000Z,2021-01-13T12:00:28.720Z,2021-01-13T12:00:28.720Z,0,1054.37,13-Jan-2021,
175,6000327f6e104f0008e690a9,HCLTECH,EQ,N,1049.0,1006.6,1049.0,1027.7,1031.0,1055.95,15021108,15419088647.25,1067.0,375.25,349280,INE860A01027,2021-01-14,2021-01-13T18:30:00.000Z,2021-01-14T12:01:03.397Z,2021-01-14T12:01:03.397Z,0,1026.49,14-Jan-2021,
176,600183fe5a018800081075aa,HCLTECH,EQ,N,1052.85,984.0,1047.65,989.8,989.0,1027.7,23769415,24002697489.25,1067.0,375.25,463474,INE860A01027,2021-01-15,2021-01-14T18:30:00.000Z,2021-01-15T12:01:02.791Z,2021-01-15T12:01:02.791Z,0,1009.81,15-Jan-2021,
177,6005787f2e3c9a000810ee3a,HCLTECH,EQ,N,1004.95,976.9,1000.0,981.5,978.1,989.8,12947569,12819240554.9,1067.0,375.25,256612,INE860A01027,2021-01-18,2021-01-17T18:30:00.000Z,2021-01-18T12:01:03.424Z,2021-01-18T12:01:03.424Z,0,990.09,18-Jan-2021,
178,6006c9e3f10a0d00083c5158,HCLTECH,EQ,N,997.0,979.35,988.0,983.85,987.0,981.5,6387923,6298346813.15,1067.0,375.25,168528,INE860A01027,2021-01-19,2021-01-18T18:30:00.000Z,2021-01-19T12:00:35.948Z,2021-01-19T12:00:35.948Z,0,985.98,19-Jan-2021,
179,60081b7e2c04b60008834ce5,HCLTECH,EQ,N,1009.65,987.55,991.75,999.25,997.5,983.85,7444118,7452887783.0,1067.0,375.25,153672,INE860A01027,2021-01-20,2021-01-19T18:30:00.000Z,2021-01-20T12:01:02.739Z,2021-01-20T12:01:02.739Z,0,1001.18,20-Jan-2021,
180,60096cdc741e2900081a1859,HCLTECH,EQ,N,1020.0,982.95,1009.0,993.3,991.5,999.25,8857975,8892726373.6,1067.0,375.25,185089,INE860A01027,2021-01-21,2021-01-20T18:30:00.000Z,2021-01-21T12:00:28.671Z,2021-01-21T12:00:28.671Z,0,1003.92,21-Jan-2021,"[{'symbol': 'HCLTECH', 'series': 'EQ', 'ind': '-', 'faceVal': '2', 'subject': ' Interim Dividend - Rs 4 Per Share', 'exDate': '21-Jan-2021', 'recDate': '23-Jan-2021', 'bcStartDate': '-', 'bcEndDate': '-', 'ndStartDate': '-', 'comp': 'HCL Technologies Limited', 'isin': 'INE860A01027', 'ndEndDate': '-', 'caBroadcastDate': None}]"
181,600abe638a4b290008ee1d26,HCLTECH,EQ,N,1004.0,981.4,991.7,985.8,985.95,993.3,5379466,5325689212.6,1067.0,375.25,182218,INE860A01027,2021-01-22,2021-01-21T18:30:00.000Z,2021-01-22T12:00:35.641Z,2021-01-22T12:00:35.641Z,0,990.0,22-Jan-2021,
182,600eb2fec1e18e0008a4548a,HCLTECH,EQ,N,997.0,941.0,997.0,947.5,948.0,985.8,7731883,7473144666.95,1067.0,375.25,325690,INE860A01027,2021-01-25,2021-01-24T18:30:00.000Z,2021-01-25T12:01:02.904Z,2021-01-25T12:01:02.904Z,0,966.54,25-Jan-2021,
183,601155fec050380008a1d68f,HCLTECH,EQ,N,963.25,942.5,952.1,955.5,957.4,947.5,7531736,7196966517.55,1067.0,375.25,247705,INE860A01027,2021-01-27,2021-01-26T18:30:00.000Z,2021-01-27T12:01:02.895Z,2021-01-27T12:01:02.895Z,0,955.55,27-Jan-2021,
184,6012a763d24e050008e7324b,HCLTECH,EQ,N,952.4,930.1,948.8,933.95,932.0,955.5,6960905,6550446434.55,1067.0,375.25,191909,INE860A01027,2021-01-28,2021-01-27T18:30:00.000Z,2021-01-28T12:00:35.804Z,2021-01-28T12:00:35.804Z,0,941.03,28-Jan-2021,
185,6013f90224068600082d297d,HCLTECH,EQ,N,949.5,909.5,941.0,914.0,914.5,933.95,7692663,7136714192.85,1067.0,375.25,160581,INE860A01027,2021-01-29,2021-01-28T18:30:00.000Z,2021-01-29T12:01:06.886Z,2021-01-29T12:01:06.886Z,0,927.73,29-Jan-2021,
186,6017ed62ceda9200080bce6c,HCLTECH,EQ,N,933.75,896.35,919.0,928.35,932.1,914.0,8651478,7918681533.35,1067.0,375.25,208551,INE860A01027,2021-02-01,2021-01-31T18:30:00.000Z,2021-02-01T12:00:34.334Z,2021-02-01T12:00:34.334Z,0,915.3,01-Feb-2021,
187,60193efe52a67400088a7d76,HCLTECH,EQ,N,963.0,935.55,947.0,954.65,956.1,928.35,7690178,7296013605.45,1067.0,375.25,152162,INE860A01027,2021-02-02,2021-02-01T18:30:00.000Z,2021-02-02T12:01:02.637Z,2021-02-02T12:01:02.637Z,0,948.74,02-Feb-2021,
188,601a9063f98b220009a86915,HCLTECH,EQ,N,973.3,952.55,966.0,959.9,961.95,954.65,6354619,6131162758.05,1067.0,375.25,142811,INE860A01027,2021-02-03,2021-02-02T18:30:00.000Z,2021-02-03T12:00:35.397Z,2021-02-03T12:00:35.397Z,0,964.84,03-Feb-2021,
189,601be1fef98b220009bd6115,HCLTECH,EQ,N,970.45,950.15,964.7,957.65,957.0,959.9,4623148,4435996887.05,1067.0,375.25,129604,INE860A01027,2021-02-04,2021-02-03T18:30:00.000Z,2021-02-04T12:01:03.006Z,2021-02-04T12:01:03.006Z,0,959.52,04-Feb-2021,
190,601d33611977d90008c02b25,HCLTECH,EQ,N,963.9,940.05,960.8,946.15,947.85,957.65,4631703,4396026613.25,1067.0,375.25,104547,INE860A01027,2021-02-05,2021-02-04T18:30:00.000Z,2021-02-05T12:00:33.210Z,2021-02-05T12:00:33.210Z,0,949.12,05-Feb-2021,
191,602127e25959750008a8dfb9,HCLTECH,EQ,N,964.4,941.35,955.0,957.75,959.5,946.15,6509526,6210315010.0,1067.0,375.25,172264,INE860A01027,2021-02-08,2021-02-07T18:30:00.000Z,2021-02-08T12:00:34.915Z,2021-02-08T12:00:34.915Z,0,954.03,08-Feb-2021,
192,6022797f85e3100008e2cebd,HCLTECH,EQ,N,981.9,946.6,965.0,951.6,955.0,957.75,7557977,7302790839.05,1067.0,375.25,147283,INE860A01027,2021-02-09,2021-02-08T18:30:00.000Z,2021-02-09T12:01:03.257Z,2021-02-09T12:01:03.257Z,0,966.24,09-Feb-2021,
193,6023cafe6d78280008e44501,HCLTECH,EQ,N,965.1,946.15,955.05,959.45,960.7,951.6,4896963,4680840478.2,1067.0,375.25,113186,INE860A01027,2021-02-10,2021-02-09T18:30:00.000Z,2021-02-10T12:01:02.915Z,2021-02-10T12:01:02.915Z,0,955.87,10-Feb-2021,
194,60251c638160710008fa588a,HCLTECH,EQ,N,972.5,953.05,959.45,970.4,972.0,959.45,3745595,3614239422.25,1067.0,375.25,107544,INE860A01027,2021-02-11,2021-02-10T18:30:00.000Z,2021-02-11T12:00:35.615Z,2021-02-11T12:00:35.615Z,0,964.93,11-Feb-2021,
195,60266de1e854190008018a0f,HCLTECH,EQ,N,986.5,957.6,975.0,960.4,962.8,970.4,8045740,7839128738.95,1067.0,375.25,152352,INE860A01027,2021-02-12,2021-02-11T18:30:00.000Z,2021-02-12T12:00:33.764Z,2021-02-12T12:00:33.764Z,0,974.32,12-Feb-2021,
196,602a6262e85419000827e8c3,HCLTECH,EQ,N,971.25,950.1,970.0,954.65,955.8,960.4,4643228,4443954017.15,1067.0,375.25,196711,INE860A01027,2021-02-15,2021-02-14T18:30:00.000Z,2021-02-15T12:00:34.949Z,2021-02-15T12:00:34.949Z,0,957.08,15-Feb-2021,
197,602bb3dc05368f0008dd749e,HCLTECH,EQ,N,962.25,944.1,957.0,952.3,953.2,954.65,3277086,3120729721.75,1067.0,375.25,100939,INE860A01027,2021-02-16,2021-02-15T18:30:00.000Z,2021-02-16T12:00:28.922Z,2021-02-16T12:00:28.922Z,0,952.29,16-Feb-2021,
198,602d057fe89593000836a9da,HCLTECH,EQ,N,958.4,941.0,952.0,943.2,943.0,952.3,3643176,3449887496.3,1067.0,375.25,98699,INE860A01027,2021-02-17,2021-02-16T18:30:00.000Z,2021-02-17T12:01:03.658Z,2021-02-17T12:01:03.658Z,0,946.95,17-Feb-2021,
199,602e56ffd8ba7c0008db1634,HCLTECH,EQ,N,956.75,938.35,944.0,948.1,950.0,943.2,5133094,4862356031.0,1067.0,375.25,160532,INE860A01027,2021-02-18,2021-02-17T18:30:00.000Z,2021-02-18T12:01:03.207Z,2021-02-18T12:01:03.207Z,0,947.26,18-Feb-2021,
200,602fa85c68537800083185a2,HCLTECH,EQ,N,958.0,944.45,950.0,950.15,949.9,948.1,5494816,5229937782.5,1067.0,375.25,127863,INE860A01027,2021-02-19,2021-02-18T18:30:00.000Z,2021-02-19T12:00:28.385Z,2021-02-19T12:00:28.385Z,0,951.79,19-Feb-2021,
201,5fc8d35cfdaa170009fb5e85,HCLTECH,EQ,N,864.0,843.3,848.5,862.2,862.05,843.15,9633229,8261241361.2,1139.0,375.25,149310,INE860A01027,2020-12-03,2020-12-02T18:30:00.000Z,2020-12-03T12:00:28.513Z,2020-12-03T12:00:28.513Z,0,857.58,03-Dec-2020,
202,5fca24db01e21f0008b13936,HCLTECH,EQ,N,867.85,854.45,866.0,858.5,858.0,862.2,5577388,4799641241.4,1139.0,375.25,147987,INE860A01027,2020-12-04,2020-12-03T18:30:00.000Z,2020-12-04T12:00:27.921Z,2020-12-04T12:00:27.921Z,0,860.55,04-Dec-2020,
203,5fce197f22c8a50008e34cf1,HCLTECH,EQ,N,859.95,850.4,858.0,855.3,855.0,858.5,5314265,4539560113.05,910.7,375.25,83690,INE860A01027,2020-12-07,2020-12-06T18:30:00.000Z,2020-12-07T12:01:03.417Z,2020-12-07T12:01:03.417Z,0,854.22,07-Dec-2020,
204,5fcf6affecc6400008d6e9d3,HCLTECH,EQ,N,875.7,856.0,859.0,863.8,863.2,855.3,8722526,7550238411.2,910.7,375.25,190746,INE860A01027,2020-12-08,2020-12-07T18:30:00.000Z,2020-12-08T12:01:03.983Z,2020-12-08T12:01:03.983Z,0,865.6,08-Dec-2020,
205,5fd0bc63ecc6400008d7da79,HCLTECH,EQ,N,880.0,864.1,866.1,870.55,871.35,863.8,5952003,5204889086.5,910.7,375.25,122920,INE860A01027,2020-12-09,2020-12-08T18:30:00.000Z,2020-12-09T12:00:35.206Z,2020-12-09T12:00:35.206Z,0,874.48,09-Dec-2020,
206,5fd20ddbb459f9000843302c,HCLTECH,EQ,N,877.8,865.0,870.55,866.75,869.5,870.55,4641898,4037996033.8,910.7,375.25,98691,INE860A01027,2020-12-10,2020-12-09T18:30:00.000Z,2020-12-10T12:00:27.758Z,2020-12-10T12:00:27.758Z,0,869.9,10-Dec-2020,
207,5fd35f641714380008587e85,HCLTECH,EQ,N,881.8,855.2,871.0,862.25,865.15,866.75,5637035,4890608092.65,910.7,375.25,123619,INE860A01027,2020-12-11,2020-12-10T18:30:00.000Z,2020-12-11T12:00:36.690Z,2020-12-11T12:00:36.690Z,0,867.59,11-Dec-2020,
208,5fd753ff3141bc0008ee7037,HCLTECH,EQ,N,875.65,858.1,866.1,873.0,873.7,862.25,5143894,4457809158.1,910.7,375.25,114180,INE860A01027,2020-12-14,2020-12-13T18:30:00.000Z,2020-12-14T12:01:03.591Z,2020-12-14T12:01:03.591Z,0,866.62,14-Dec-2020,
209,5fd8a562b459f90008464d29,HCLTECH,EQ,N,889.0,870.0,874.7,886.0,885.1,873.0,7527270,6647642107.8,910.7,375.25,144698,INE860A01027,2020-12-15,2020-12-14T18:30:00.000Z,2020-12-15T12:00:34.227Z,2020-12-15T12:00:34.227Z,0,883.14,15-Dec-2020,
210,5fd9f6e181abf7000814cf6c,HCLTECH,EQ,N,892.0,878.45,886.25,885.05,882.0,886.0,4378179,3870092023.85,910.7,375.25,105667,INE860A01027,2020-12-16,2020-12-15T18:30:00.000Z,2020-12-16T12:00:33.633Z,2020-12-16T12:00:33.633Z,0,883.95,16-Dec-2020,
211,5fdb486217143800085c6a3f,HCLTECH,EQ,N,887.0,877.0,887.0,879.35,878.0,885.05,4863371,4290169955.0,910.7,375.25,133920,INE860A01027,2020-12-17,2020-12-16T18:30:00.000Z,2020-12-17T12:00:34.813Z,2020-12-17T12:00:34.813Z,0,882.14,17-Dec-2020,
212,5fdc99ff89ad550008138326,HCLTECH,EQ,N,905.0,886.65,894.75,890.65,890.35,879.35,11568187,10380782845.0,910.7,375.25,196000,INE860A01027,2020-12-18,2020-12-17T18:30:00.000Z,2020-12-18T12:01:03.524Z,2020-12-18T12:01:03.524Z,0,897.36,18-Dec-2020,
213,5fe08e62fdf1090008bcd37b,HCLTECH,EQ,N,910.5,850.0,886.65,870.45,872.0,890.65,8875855,7921082596.25,910.7,375.25,201257,INE860A01027,2020-12-21,2020-12-20T18:30:00.000Z,2020-12-21T12:00:34.053Z,2020-12-21T12:00:34.053Z,0,892.43,21-Dec-2020,
214,5fe1dfe2652c6e000814a3ca,HCLTECH,EQ,N,919.25,872.0,879.15,913.8,917.0,870.45,10251896,9154186077.65,919.25,375.25,196248,INE860A01027,2020-12-22,2020-12-21T18:30:00.000Z,2020-12-22T12:00:34.844Z,2020-12-22T12:00:34.844Z,0,892.93,22-Dec-2020,
215,5fe331650569620008dc3c28,HCLTECH,EQ,N,935.0,914.8,920.0,922.6,921.9,913.8,10723068,9921735580.65,935.0,375.25,176400,INE860A01027,2020-12-23,2020-12-22T18:30:00.000Z,2020-12-23T12:00:37.646Z,2020-12-23T12:00:37.646Z,0,925.27,23-Dec-2020,
216,5fe482fecca28d000877cf5f,HCLTECH,EQ,N,928.25,910.7,927.95,919.35,917.0,922.6,4390561,4035768678.4,935.0,375.25,85401,INE860A01027,2020-12-24,2020-12-23T18:30:00.000Z,2020-12-24T12:01:02.831Z,2020-12-24T12:01:02.831Z,0,919.19,24-Dec-2020,
217,5fe9c8e4c94f580008f4f4f6,HCLTECH,EQ,N,927.5,913.5,925.0,921.8,922.7,919.35,3884750,3578479998.2,935.0,375.25,88769,INE860A01027,2020-12-28,2020-12-27T18:30:00.000Z,2020-12-28T12:00:36.089Z,2020-12-28T12:00:36.089Z,0,921.16,28-Dec-2020,
218,5feb1a5c0569620008e047cb,HCLTECH,EQ,N,945.0,925.25,929.0,935.9,936.0,921.8,6760167,6331637870.85,945.0,375.25,121535,INE860A01027,2020-12-29,2020-12-28T18:30:00.000Z,2020-12-29T12:00:28.321Z,2020-12-29T12:00:28.321Z,0,936.61,29-Dec-2020,
219,5fec6bfe65de43000891502a,HCLTECH,EQ,N,950.0,931.0,938.0,940.7,941.15,935.9,6382809,6005437042.05,950.0,375.25,129019,INE860A01027,2020-12-30,2020-12-29T18:30:00.000Z,2020-12-30T12:01:02.911Z,2020-12-30T12:01:02.911Z,0,940.88,30-Dec-2020,
220,5fedbd8065de430008923403,HCLTECH,EQ,N,949.85,935.0,939.05,946.15,946.4,940.7,3468390,3267889419.3,950.0,375.25,63219,INE860A01027,2020-12-31,2020-12-30T18:30:00.000Z,2020-12-31T12:01:04.989Z,2020-12-31T12:01:04.989Z,0,942.19,31-Dec-2020,
221,5fef0ee365de4300089330a7,HCLTECH,EQ,N,955.5,942.0,942.0,950.5,950.25,946.15,3142822,2987712518.1,955.5,375.25,52922,INE860A01027,2021-01-01,2020-12-31T18:30:00.000Z,2021-01-01T12:00:35.613Z,2021-01-01T12:00:35.613Z,0,950.65,01-Jan-2021,
222,5ff328ff2802680008932015,HCLTECH,EQ,N,984.7,952.65,959.0,980.4,978.3,950.5,5259092,5094523210.9,984.7,375.25,96212,INE860A01027,2021-01-04,2021-01-03T18:30:00.000Z,2021-01-04T14:41:03.310Z,2021-01-04T14:41:03.310Z,0,968.71,04-Jan-2021,
223,5ff45fc7345f1a0008859577,HCLTECH,EQ,N,995.8,967.2,967.2,991.35,992.5,980.4,7150252,7043170176.5,995.8,375.25,121058,INE860A01027,2021-01-05,2021-01-04T18:30:00.000Z,2021-01-05T12:47:03.124Z,2021-01-05T12:47:03.124Z,0,985.02,05-Jan-2021,
224,5ff5a67f65de43000895f6d6,HCLTECH,EQ,N,998.0,966.1,997.9,978.2,976.0,991.35,5995748,5905668068.15,998.0,375.25,142578,INE860A01027,2021-01-06,2021-01-05T18:30:00.000Z,2021-01-06T12:01:03.468Z,2021-01-06T12:01:03.468Z,0,984.98,06-Jan-2021,
225,5ff6f7e2345f1a00088767fb,HCLTECH,EQ,N,988.2,959.4,988.0,962.55,963.9,978.2,5261000,5101642454.65,998.0,375.25,104038,INE860A01027,2021-01-07,2021-01-06T18:30:00.000Z,2021-01-07T12:00:34.451Z,2021-01-07T12:00:34.451Z,0,969.71,07-Jan-2021,
226,5ff8496165de43000897d23d,HCLTECH,EQ,N,1003.5,970.0,974.9,994.65,994.15,962.55,8034775,7927736978.75,1003.5,375.25,112810,INE860A01027,2021-01-08,2021-01-07T18:30:00.000Z,2021-01-08T12:00:33.842Z,2021-01-08T12:00:33.842Z,0,986.68,08-Jan-2021,
227,5ffc3dff7ddd690008b04cd9,HCLTECH,EQ,N,1059.05,1008.0,1015.0,1055.1,1053.25,994.65,13384331,13838751594.3,1059.05,375.25,259727,INE860A01027,2021-01-11,2021-01-10T18:30:00.000Z,2021-01-11T12:01:03.726Z,2021-01-11T12:01:03.726Z,0,1033.95,11-Jan-2021,
228,5ffd8f7f5a01880008024e88,HCLTECH,EQ,N,1065.05,1038.7,1052.0,1062.1,1064.0,1055.1,6700542,7030502202.05,1065.05,375.25,183794,INE860A01027,2021-01-12,2021-01-11T18:30:00.000Z,2021-01-12T12:01:03.382Z,2021-01-12T12:01:03.382Z,0,1049.24,12-Jan-2021,
229,5f96ba646479130008a52644,HCLTECH,EQ,N,860.9,842.05,853.0,847.8,847.45,852.45,6614014,5640636211.15,1170.0,375.25,120624,INE860A01027,2020-10-26,2020-10-25T18:30:00.000Z,2020-10-26T12:00:36.009Z,2020-10-26T12:00:36.009Z,0,852.83,26-Oct-2020,
230,5f980bff2a17b100088d595b,HCLTECH,EQ,N,857.45,838.7,848.95,847.25,850.0,847.8,5807905,4915324316.85,1170.0,375.25,109755,INE860A01027,2020-10-27,2020-10-26T18:30:00.000Z,2020-10-27T12:01:03.279Z,2020-10-27T12:01:03.279Z,0,846.32,27-Oct-2020,
231,5f995d5e022fa70008f835b5,HCLTECH,EQ,N,852.0,821.6,852.0,829.6,829.9,847.25,6853043,5711054678.0,1170.0,375.25,139980,INE860A01027,2020-10-28,2020-10-27T18:30:00.000Z,2020-10-28T12:00:30.221Z,2020-10-28T12:00:30.221Z,0,833.36,28-Oct-2020,
232,5f9aaee3022fa70008f83e9e,HCLTECH,EQ,N,842.5,818.95,825.0,840.05,836.4,829.6,6691023,5574154054.95,1170.0,375.25,116800,INE860A01027,2020-10-29,2020-10-28T18:30:00.000Z,2020-10-29T12:00:35.296Z,2020-10-29T12:00:35.296Z,0,833.08,29-Oct-2020,
233,5f9c0062b6dbb5000825b087,HCLTECH,EQ,N,859.7,833.0,842.8,841.95,844.75,840.05,8727295,7384043618.6,1170.0,375.25,134890,INE860A01027,2020-10-30,2020-10-29T18:30:00.000Z,2020-10-30T12:00:34.808Z,2020-10-30T12:00:34.808Z,0,846.09,30-Oct-2020,
234,5f9ff4fe59ba9100086bd022,HCLTECH,EQ,N,843.85,819.2,841.95,822.4,822.15,841.95,5953172,4915797446.6,1166.3,375.25,111715,INE860A01027,2020-11-02,2020-11-01T18:30:00.000Z,2020-11-02T12:01:02.946Z,2020-11-02T12:01:02.946Z,0,825.74,02-Nov-2020,
235,5fa14664b6dbb5000825b9f1,HCLTECH,EQ,N,832.0,812.35,828.0,814.05,813.5,822.4,7011687,5763248341.75,1166.3,375.25,140829,INE860A01027,2020-11-03,2020-11-02T18:30:00.000Z,2020-11-03T12:00:36.394Z,2020-11-03T12:00:36.394Z,0,821.95,03-Nov-2020,
236,5fa297e5022fa70008f8525e,HCLTECH,EQ,N,841.75,810.6,812.2,815.15,817.95,814.05,10077502,8311730455.3,1166.3,375.25,206966,INE860A01027,2020-11-04,2020-11-03T18:30:00.000Z,2020-11-04T12:00:37.572Z,2020-11-04T12:00:37.572Z,0,824.78,04-Nov-2020,
237,5fa3e96474b6670008117c33,HCLTECH,EQ,N,851.1,830.05,834.0,842.9,845.0,815.15,8903859,7488298537.7,1166.3,375.25,156095,INE860A01027,2020-11-05,2020-11-04T18:30:00.000Z,2020-11-05T12:00:36.051Z,2020-11-05T12:00:36.051Z,0,841.02,05-Nov-2020,
238,5fa53ae2e39d1b0009aa9315,HCLTECH,EQ,N,855.8,836.4,846.0,850.1,854.8,842.9,5871913,4950663909.4,1166.3,375.25,113621,INE860A01027,2020-11-06,2020-11-05T18:30:00.000Z,2020-11-06T12:00:34.759Z,2020-11-06T12:00:34.759Z,0,843.11,06-Nov-2020,
239,5fa92f63022fa70008f861b7,HCLTECH,EQ,N,872.8,847.1,866.8,855.0,858.95,850.1,7505062,6430873335.15,1159.8,375.25,141970,INE860A01027,2020-11-09,2020-11-08T18:30:00.000Z,2020-11-09T12:00:35.501Z,2020-11-09T12:00:35.501Z,0,856.87,09-Nov-2020,
240,5faa80e1cef71300089155de,HCLTECH,EQ,N,848.5,805.75,848.5,809.7,812.15,855.0,10397497,8516693853.3,1159.8,375.25,230164,INE860A01027,2020-11-10,2020-11-09T18:30:00.000Z,2020-11-10T12:00:33.502Z,2020-11-10T12:00:33.502Z,0,819.11,10-Nov-2020,
241,5fabd26574b66700081186c3,HCLTECH,EQ,N,829.0,805.35,813.0,826.05,827.0,809.7,9779484,7981504358.4,1159.8,375.25,209931,INE860A01027,2020-11-11,2020-11-10T18:30:00.000Z,2020-11-11T12:00:37.670Z,2020-11-11T12:00:37.670Z,0,816.15,11-Nov-2020,
242,5fad23e2d5e18c00086859be,HCLTECH,EQ,N,837.0,822.0,827.15,824.7,824.8,826.05,4699639,3888103545.35,1159.8,375.25,143412,INE860A01027,2020-11-12,2020-11-11T18:30:00.000Z,2020-11-12T12:00:34.236Z,2020-11-12T12:00:34.236Z,0,827.32,12-Nov-2020,
243,5fae757e74b6670008119299,HCLTECH,EQ,N,831.45,818.15,822.9,828.1,827.85,824.7,3918289,3238010484.85,1159.8,375.25,67486,INE860A01027,2020-11-13,2020-11-12T18:30:00.000Z,2020-11-13T12:01:02.867Z,2020-11-13T12:01:02.867Z,0,826.38,13-Nov-2020,
244,5fafeb90cef71300089163c0,HCLTECH,EQ,N,834.0,829.0,834.0,830.5,830.5,828.1,475390,395126484.6,1159.8,375.25,16338,INE860A01027,2020-11-14,2020-11-13T18:30:00.000Z,2020-11-14T14:37:04.969Z,2020-11-14T14:37:04.969Z,0,831.16,14-Nov-2020,
245,5fb3bb7f06a1d00008ad070e,HCLTECH,EQ,N,837.95,814.0,837.95,815.0,816.2,830.5,5977903,4893292336.45,1149.7,375.25,121111,INE860A01027,2020-11-17,2020-11-16T18:30:00.000Z,2020-11-17T12:01:03.043Z,2020-11-17T12:01:03.043Z,0,818.56,17-Nov-2020,
246,5fb511b1df20a4000804267c,HCLTECH,EQ,N,819.9,800.25,819.0,814.3,814.0,815.0,5816221,4699836405.3,1149.7,375.25,132705,INE860A01027,2020-11-18,2020-11-17T18:30:00.000Z,2020-11-18T12:21:05.368Z,2020-11-18T12:21:05.368Z,0,808.06,18-Nov-2020,
247,5fb65e61c21f05000895cc86,HCLTECH,EQ,N,820.45,803.0,815.0,804.55,804.6,814.3,7170339,5817114544.55,1149.7,375.25,121823,INE860A01027,2020-11-19,2020-11-18T18:30:00.000Z,2020-11-19T12:00:33.441Z,2020-11-19T12:00:33.441Z,0,811.27,19-Nov-2020,
248,5fb7afe594bf500008b25b3a,HCLTECH,EQ,N,823.5,804.0,813.95,819.25,820.0,804.55,7455575,6088810391.3,1149.7,375.25,123101,INE860A01027,2020-11-20,2020-11-19T18:30:00.000Z,2020-11-20T12:00:37.123Z,2020-11-20T12:00:37.123Z,0,816.68,20-Nov-2020,
249,5fbba4625e52590008930eba,HCLTECH,EQ,N,842.0,816.25,825.0,839.2,838.5,819.25,7116516,5923458911.95,1143.4,375.25,139507,INE860A01027,2020-11-23,2020-11-22T18:30:00.000Z,2020-11-23T12:00:34.929Z,2020-11-23T12:00:34.929Z,0,832.35,23-Nov-2020,
250,5fbcf5fe6a74050008b28826,HCLTECH,EQ,N,857.4,835.35,843.9,840.5,841.0,839.2,8465615,7178405737.3,1143.4,375.25,169850,INE860A01027,2020-11-24,2020-11-23T18:30:00.000Z,2020-11-24T12:01:02.946Z,2020-11-24T12:01:02.946Z,0,847.95,24-Nov-2020,
251,5fbe476387ed3b0008004c03,HCLTECH,EQ,N,846.0,822.5,840.5,824.7,825.0,840.5,5610232,4651324787.35,1143.4,375.25,124023,INE860A01027,2020-11-25,2020-11-24T18:30:00.000Z,2020-11-25T12:00:35.462Z,2020-11-25T12:00:35.462Z,0,829.08,25-Nov-2020,
252,5fbf98e3a33acb0008385c91,HCLTECH,EQ,N,845.0,819.6,824.1,842.05,841.2,824.7,8414555,7021383073.75,1143.4,375.25,138751,INE860A01027,2020-11-26,2020-11-25T18:30:00.000Z,2020-11-26T12:00:35.046Z,2020-11-26T12:00:35.046Z,0,834.43,26-Nov-2020,
253,5fc0ea7f5e5259000894e3fb,HCLTECH,EQ,N,847.8,814.35,842.0,822.1,823.15,842.05,11723771,9698926529.75,1143.4,375.25,154427,INE860A01027,2020-11-27,2020-11-26T18:30:00.000Z,2020-11-27T12:01:03.163Z,2020-11-27T12:01:03.163Z,0,827.29,27-Nov-2020,
254,5fc6305eeb74920008ab8fda,HCLTECH,EQ,N,835.7,815.1,824.0,834.1,835.0,822.1,8078785,6672227499.75,1139.0,375.25,170411,INE860A01027,2020-12-01,2020-11-30T18:30:00.000Z,2020-12-01T12:00:30.687Z,2020-12-01T12:00:30.687Z,0,825.89,01-Dec-2020,
255,5fc781fffdaa170009fa85a1,HCLTECH,EQ,N,847.45,831.3,836.15,843.15,844.0,834.1,7062229,5927067927.4,1139.0,375.25,174376,INE860A01027,2020-12-02,2020-12-01T18:30:00.000Z,2020-12-02T12:01:03.179Z,2020-12-02T12:01:03.179Z,0,839.26,02-Dec-2020,
256,5fc8d35cfdaa170009fb5e85,HCLTECH,EQ,N,864.0,843.3,848.5,862.2,862.05,843.15,9633229,8261241361.2,1139.0,375.25,149310,INE860A01027,2020-12-03,2020-12-02T18:30:00.000Z,2020-12-03T12:00:28.513Z,2020-12-03T12:00:28.513Z,0,857.58,03-Dec-2020,
257,5f5f5b63d8f5e500081a9011,HCLTECH,EQ,N,825.1,744.15,745.0,794.95,793.0,721.65,32312531,25320377282.45,1170.0,375.25,415569,INE860A01027,2020-09-14,2020-09-13T18:30:00.000Z,2020-09-14T12:00:35.958Z,2020-09-14T12:00:35.958Z,0,783.61,14-Sep-2020,"[{'symbol': 'HCLTECH', 'series': 'EQ', 'ind': '-', 'faceVal': '2', 'subject': ' Dividend - Rs 2 Per Share', 'exDate': '14-Sep-2020', 'recDate': '-', 'bcStartDate': '16-Sep-2020', 'bcEndDate': '17-Sep-2020', 'ndStartDate': '-', 'comp': 'HCL Technologies Limited', 'isin': 'INE860A01027', 'ndEndDate': '-', 'caBroadcastDate': None}]"
258,5f60ace385f66a00082f221e,HCLTECH,EQ,N,809.85,783.05,791.05,792.7,791.8,794.95,14024787,11156311755.85,1170.0,375.25,192773,INE860A01027,2020-09-15,2020-09-14T18:30:00.000Z,2020-09-15T12:00:35.749Z,2020-09-15T12:00:35.749Z,0,795.47,15-Sep-2020,
259,5f61fe7f881ad000082d48f2,HCLTECH,EQ,N,796.3,779.25,790.05,789.25,788.45,792.7,7471542,5894465481.45,1170.0,375.25,168914,INE860A01027,2020-09-16,2020-09-15T18:30:00.000Z,2020-09-16T12:01:03.443Z,2020-09-16T12:01:03.443Z,0,788.92,16-Sep-2020,
260,5f634fff4bb3370008cc1958,HCLTECH,EQ,N,817.5,789.5,794.95,808.3,806.3,789.25,19972987,16131626946.25,1170.0,375.25,266753,INE860A01027,2020-09-17,2020-09-16T18:30:00.000Z,2020-09-17T12:01:03.149Z,2020-09-17T12:01:03.149Z,0,807.67,17-Sep-2020,
261,5f64a17fb3e7590008061a37,HCLTECH,EQ,N,824.0,804.0,808.3,810.6,810.0,808.3,8847758,7208201598.45,1170.0,375.25,134982,INE860A01027,2020-09-18,2020-09-17T18:30:00.000Z,2020-09-18T12:01:03.316Z,2020-09-18T12:01:03.316Z,0,814.69,18-Sep-2020,
262,5f6895e138ec4f0008c0f947,HCLTECH,EQ,N,849.9,793.45,823.0,802.6,801.15,810.6,24911675,20696285172.9,1170.0,375.25,403669,INE860A01027,2020-09-21,2020-09-20T18:30:00.000Z,2020-09-21T12:00:33.799Z,2020-09-21T12:00:33.799Z,0,830.79,21-Sep-2020,
263,5f69e77f95ff530008e3908b,HCLTECH,EQ,N,831.5,790.55,813.95,821.0,825.8,802.6,21882919,17843764685.35,1170.0,375.25,399486,INE860A01027,2020-09-22,2020-09-21T18:30:00.000Z,2020-09-22T12:01:03.109Z,2020-09-22T12:01:03.109Z,0,815.42,22-Sep-2020,
264,5f6b38e278ccfd0008ab01db,HCLTECH,EQ,N,844.8,810.15,832.0,814.1,815.0,821.0,18070371,14953462393.55,1170.0,375.25,280008,INE860A01027,2020-09-23,2020-09-22T18:30:00.000Z,2020-09-23T12:00:34.656Z,2020-09-23T12:00:34.656Z,0,827.51,23-Sep-2020,
265,5f6c8a6095ff530008e39a71,HCLTECH,EQ,N,811.45,784.0,811.0,788.3,788.0,814.1,10553632,8414580211.6,1170.0,375.25,165353,INE860A01027,2020-09-24,2020-09-23T18:30:00.000Z,2020-09-24T12:00:32.961Z,2020-09-24T12:00:32.961Z,0,797.32,24-Sep-2020,
266,5f6ddbe41f5dbf0008782cc1,HCLTECH,EQ,N,836.0,792.6,795.25,827.7,830.1,788.3,19813372,16285368271.7,1170.0,375.25,337042,INE860A01027,2020-09-25,2020-09-24T18:30:00.000Z,2020-09-25T12:00:36.683Z,2020-09-25T12:00:36.683Z,0,821.94,25-Sep-2020,
267,5f71d05d95ff530008e3a7f2,HCLTECH,EQ,N,844.75,820.8,838.4,835.25,834.0,827.7,11146342,9309666828.5,1170.0,375.25,180648,INE860A01027,2020-09-28,2020-09-27T18:30:00.000Z,2020-09-28T12:00:29.179Z,2020-09-28T12:00:29.179Z,0,835.22,28-Sep-2020,
268,5f7321e26c37890008e1bb34,HCLTECH,EQ,N,841.1,810.2,837.4,812.75,815.35,835.25,10554255,8712807901.35,1170.0,375.25,173071,INE860A01027,2020-09-29,2020-09-28T18:30:00.000Z,2020-09-29T12:00:34.649Z,2020-09-29T12:00:34.649Z,0,825.53,29-Sep-2020,
269,5f747366da1e160008e25fcb,HCLTECH,EQ,N,820.5,807.1,818.0,811.6,810.0,812.75,9470277,7698857123.65,1170.0,375.25,173273,INE860A01027,2020-09-30,2020-09-29T18:30:00.000Z,2020-09-30T12:00:38.766Z,2020-09-30T12:00:38.766Z,0,812.95,30-Sep-2020,
270,5f75c4dde6999100084e756b,HCLTECH,EQ,N,820.95,811.2,819.9,812.95,813.7,811.6,4321350,3525035142.45,1170.0,375.25,85705,INE860A01027,2020-10-01,2020-09-30T18:30:00.000Z,2020-10-01T12:00:29.669Z,2020-10-01T12:00:29.669Z,0,815.73,01-Oct-2020,
271,5f7b0aff52d75a0008b5651c,HCLTECH,EQ,N,839.2,815.1,828.8,824.2,823.3,812.95,11890211,9830483480.5,1170.0,375.25,174768,INE860A01027,2020-10-05,2020-10-04T18:30:00.000Z,2020-10-05T12:01:03.129Z,2020-10-05T12:01:03.129Z,0,826.77,05-Oct-2020,
272,5f7c5c7efcd9700009409162,HCLTECH,EQ,N,834.5,822.7,830.0,829.15,828.0,824.2,7848520,6499912047.05,1170.0,375.25,121003,INE860A01027,2020-10-06,2020-10-05T18:30:00.000Z,2020-10-06T12:01:02.666Z,2020-10-06T12:01:02.666Z,0,828.17,06-Oct-2020,
273,5f7dade33e35d40008457cb8,HCLTECH,EQ,N,830.6,823.0,830.0,828.05,829.9,829.15,6980002,5770534151.2,1170.0,375.25,118532,INE860A01027,2020-10-07,2020-10-06T18:30:00.000Z,2020-10-07T12:00:35.797Z,2020-10-07T12:00:35.797Z,0,826.72,07-Oct-2020,
274,5f7eff7e3492d40008f03377,HCLTECH,EQ,N,879.0,844.5,857.5,849.55,849.5,828.05,25860578,22293263288.1,1170.0,375.25,347607,INE860A01027,2020-10-08,2020-10-07T18:30:00.000Z,2020-10-08T12:01:02.751Z,2020-10-08T12:01:02.751Z,0,862.06,08-Oct-2020,
275,5f8050fe547d2f00083f394b,HCLTECH,EQ,N,862.5,849.3,852.9,855.75,857.0,849.55,7286954,6238655498.2,1170.0,375.25,116290,INE860A01027,2020-10-09,2020-10-08T18:30:00.000Z,2020-10-09T12:01:02.667Z,2020-10-09T12:01:02.667Z,0,856.14,09-Oct-2020,
276,5f844564547d2f00083f49e9,HCLTECH,EQ,N,871.95,857.15,860.8,865.8,866.2,855.75,8717565,7540451283.15,1170.0,375.25,117629,INE860A01027,2020-10-12,2020-10-11T18:30:00.000Z,2020-10-12T12:00:36.042Z,2020-10-12T12:00:36.042Z,0,864.97,12-Oct-2020,
277,5f8596ff547d2f00083f530c,HCLTECH,EQ,N,906.6,863.3,866.3,900.4,900.9,865.8,18948688,16916814839.5,1170.0,375.25,230425,INE860A01027,2020-10-13,2020-10-12T18:30:00.000Z,2020-10-13T12:01:03.722Z,2020-10-13T12:01:03.722Z,0,892.77,13-Oct-2020,
278,5f86e87fe47ceb0008d01eb2,HCLTECH,EQ,N,910.7,882.0,904.0,890.45,887.0,900.4,15441223,13795233299.15,1170.0,375.25,191846,INE860A01027,2020-10-14,2020-10-13T18:30:00.000Z,2020-10-14T12:01:03.095Z,2020-10-14T12:01:03.095Z,0,893.4,14-Oct-2020,
279,5f8839fea4af97000834316e,HCLTECH,EQ,N,903.7,833.45,899.95,860.0,863.45,890.45,15648849,13520650712.0,1170.0,375.25,233161,INE860A01027,2020-10-15,2020-10-14T18:30:00.000Z,2020-10-15T12:01:02.908Z,2020-10-15T12:01:02.908Z,0,864.0,15-Oct-2020,
280,5f898b60a4af970008343ab7,HCLTECH,EQ,N,877.0,820.6,859.0,827.15,830.05,860.0,28983265,24233758849.9,1170.0,375.25,413675,INE860A01027,2020-10-16,2020-10-15T18:30:00.000Z,2020-10-16T12:00:32.916Z,2020-10-16T12:00:32.916Z,0,836.13,16-Oct-2020,
281,5f8d7fdcf1c69e000850b3f5,HCLTECH,EQ,N,861.7,833.0,839.8,844.75,846.95,827.15,15671737,13294274079.85,1170.0,375.25,258268,INE860A01027,2020-10-19,2020-10-18T18:30:00.000Z,2020-10-19T12:00:28.030Z,2020-10-19T12:00:28.030Z,0,848.3,19-Oct-2020,
282,5f8ed162f1c69e000850bcee,HCLTECH,EQ,N,886.0,843.6,846.95,879.65,881.0,844.75,21564064,18883832254.25,1170.0,375.25,291297,INE860A01027,2020-10-20,2020-10-19T18:30:00.000Z,2020-10-20T12:00:34.877Z,2020-10-20T12:00:34.877Z,0,875.71,20-Oct-2020,
283,5f9022ff9b381a00088ff32f,HCLTECH,EQ,N,891.65,860.0,881.0,871.05,866.0,879.65,11162084,9765638802.0,1170.0,375.25,155501,INE860A01027,2020-10-21,2020-10-20T18:30:00.000Z,2020-10-21T12:01:03.163Z,2020-10-21T12:01:03.163Z,0,874.89,21-Oct-2020,
284,5f9174615967e7000818727a,HCLTECH,EQ,N,878.0,851.55,858.9,866.25,866.0,871.05,9607800,8327620040.7,1170.0,375.25,168926,INE860A01027,2020-10-22,2020-10-21T18:30:00.000Z,2020-10-22T12:00:33.530Z,2020-10-22T12:00:33.530Z,0,866.76,22-Oct-2020,"[{'symbol': 'HCLTECH', 'series': 'EQ', 'ind': '-', 'faceVal': '2', 'subject': ' Interim Dividend - Rs 4 Per Share', 'exDate': '22-Oct-2020', 'recDate': '24-Oct-2020', 'bcStartDate': '-', 'bcEndDate': '-', 'ndStartDate': '-', 'comp': 'HCL Technologies Limited', 'isin': 'INE860A01027', 'ndEndDate': '-', 'caBroadcastDate': None}]"
285,5f92c5e31ae58c000825f6a4,HCLTECH,EQ,N,875.45,850.6,871.0,852.45,852.5,866.25,5447502,4686496350.1,1170.0,375.25,115601,INE860A01027,2020-10-23,2020-10-22T18:30:00.000Z,2020-10-23T12:00:35.816Z,2020-10-23T12:00:35.816Z,0,860.3,23-Oct-2020,
286,5f2a9f7f1514770008429a40,HCLTECH,EQ,N,702.4,681.0,692.65,688.4,689.5,692.65,6052234,4182298931.7,1170.0,375.25,92508,INE860A01027,2020-08-05,2020-08-04T18:30:00.000Z,2020-08-05T12:01:03.324Z,2020-08-05T12:01:03.324Z,0,691.03,05-Aug-2020,
287,5f2bf0e050193900082d50b3,HCLTECH,EQ,N,707.6,686.4,692.0,704.9,703.4,688.4,5133012,3591600807.65,1170.0,375.25,69136,INE860A01027,2020-08-06,2020-08-05T18:30:00.000Z,2020-08-06T12:00:32.870Z,2020-08-06T12:00:32.870Z,0,699.71,06-Aug-2020,
288,5f2d42638d49840008eec338,HCLTECH,EQ,N,699.9,685.0,699.9,690.3,689.9,704.9,7371589,5095682983.85,1170.0,375.25,96981,INE860A01027,2020-08-07,2020-08-06T18:30:00.000Z,2020-08-07T12:00:35.431Z,2020-08-07T12:00:35.431Z,0,691.26,07-Aug-2020,
289,5f3136ffc4ae000008d85184,HCLTECH,EQ,N,694.95,685.1,694.95,692.05,693.25,690.3,3769575,2601948470.75,1170.0,375.25,55235,INE860A01027,2020-08-10,2020-08-09T18:30:00.000Z,2020-08-10T12:01:03.143Z,2020-08-10T12:01:03.143Z,0,690.25,10-Aug-2020,
290,5f32885cc4ae000008d85ff7,HCLTECH,EQ,N,700.95,681.5,694.0,683.8,684.0,692.05,3956472,2730127036.5,1170.0,375.25,55301,INE860A01027,2020-08-11,2020-08-10T18:30:00.000Z,2020-08-11T12:00:28.278Z,2020-08-11T12:00:28.278Z,0,690.04,11-Aug-2020,
291,5f33d9e2721ed80008e2525e,HCLTECH,EQ,N,719.0,677.05,680.6,717.1,715.65,683.8,13085422,9214491849.1,1170.0,375.25,154176,INE860A01027,2020-08-12,2020-08-11T18:30:00.000Z,2020-08-12T12:00:34.525Z,2020-08-12T12:00:34.525Z,0,704.18,12-Aug-2020,
292,5f352b6573d8800008a07a33,HCLTECH,EQ,N,729.0,713.05,717.0,724.6,718.55,717.1,8850424,6404185126.95,1170.0,375.25,105881,INE860A01027,2020-08-13,2020-08-12T18:30:00.000Z,2020-08-13T12:00:37.426Z,2020-08-13T12:00:37.426Z,0,723.6,13-Aug-2020,
293,5f367cfe3c2b740008c735b5,HCLTECH,EQ,N,727.9,707.25,727.9,709.1,708.95,724.6,3887303,2781032992.3,1170.0,375.25,65815,INE860A01027,2020-08-14,2020-08-13T18:30:00.000Z,2020-08-14T12:01:02.916Z,2020-08-14T12:01:02.916Z,0,715.41,14-Aug-2020,
294,5f3a717f11c69a0008727bae,HCLTECH,EQ,N,720.8,709.25,711.1,718.85,719.0,709.1,3344102,2393926077.3,1170.0,375.25,86749,INE860A01027,2020-08-17,2020-08-16T18:30:00.000Z,2020-08-17T12:01:03.584Z,2020-08-17T12:01:03.584Z,0,715.87,17-Aug-2020,
295,5f3bc2e3d70352000882fdc4,HCLTECH,EQ,N,721.7,712.4,718.95,714.45,714.8,718.85,3634311,2604383946.5,1170.0,375.25,55841,INE860A01027,2020-08-18,2020-08-17T18:30:00.000Z,2020-08-18T12:00:35.357Z,2020-08-18T12:00:35.357Z,0,716.61,18-Aug-2020,
296,5f3d146317a2ec00084dc33a,HCLTECH,EQ,N,714.2,705.0,713.8,709.85,711.0,714.45,4858027,3444485075.75,1170.0,375.25,69223,INE860A01027,2020-08-19,2020-08-18T18:30:00.000Z,2020-08-19T12:00:35.623Z,2020-08-19T12:00:35.623Z,0,709.03,19-Aug-2020,
297,5f3e65ded840aa0008bc7dfe,HCLTECH,EQ,N,715.85,706.05,708.5,710.1,709.8,709.85,3025769,2150840175.85,1170.0,375.25,46933,INE860A01027,2020-08-20,2020-08-19T18:30:00.000Z,2020-08-20T12:00:30.682Z,2020-08-20T12:00:30.682Z,0,710.84,20-Aug-2020,
298,5f3fb77f27c1bc0008903343,HCLTECH,EQ,N,715.0,702.7,715.0,705.9,705.6,710.1,4164686,2945297038.05,1170.0,375.25,64644,INE860A01027,2020-08-21,2020-08-20T18:30:00.000Z,2020-08-21T12:01:03.715Z,2020-08-21T12:01:03.715Z,0,707.21,21-Aug-2020,
299,5f43abe15173380008779ef2,HCLTECH,EQ,N,708.45,695.6,706.05,705.7,707.9,705.9,4066936,2858138431.7,1170.0,375.25,62460,INE860A01027,2020-08-24,2020-08-23T18:30:00.000Z,2020-08-24T12:00:34.013Z,2020-08-24T12:00:34.013Z,0,702.77,24-Aug-2020,
300,5f44fd7f398e530008cbe83a,HCLTECH,EQ,N,711.55,694.7,705.0,701.6,701.0,705.7,3982510,2789372797.8,1170.0,375.25,61808,INE860A01027,2020-08-25,2020-08-24T18:30:00.000Z,2020-08-25T12:01:03.041Z,2020-08-25T12:01:03.041Z,0,700.41,25-Aug-2020,
301,5f464efedc93e90008a15098,HCLTECH,EQ,N,717.75,697.0,704.7,712.8,713.5,701.6,4511551,3200252379.2,1170.0,375.25,76393,INE860A01027,2020-08-26,2020-08-25T18:30:00.000Z,2020-08-26T12:01:02.918Z,2020-08-26T12:01:02.918Z,0,709.35,26-Aug-2020,
302,5f47a07ed038060009fe1407,HCLTECH,EQ,N,720.0,706.5,713.55,710.15,711.9,712.8,3917059,2788614388.35,1170.0,375.25,62402,INE860A01027,2020-08-27,2020-08-26T18:30:00.000Z,2020-08-27T12:01:02.775Z,2020-08-27T12:01:02.775Z,0,711.92,27-Aug-2020,
303,5f48f1dc4f56cd000843db41,HCLTECH,EQ,N,716.65,703.2,713.7,706.45,705.55,710.15,5416682,3844192015.25,1170.0,375.25,115684,INE860A01027,2020-08-28,2020-08-27T18:30:00.000Z,2020-08-28T12:00:28.850Z,2020-08-28T12:00:28.850Z,0,709.69,28-Aug-2020,
304,5f4ce66558b0e90009085edb,HCLTECH,EQ,N,725.0,686.0,705.0,694.4,688.65,706.45,7787176,5489794792.9,1170.0,375.25,140233,INE860A01027,2020-08-31,2020-08-30T18:30:00.000Z,2020-08-31T12:00:37.033Z,2020-08-31T12:00:37.033Z,0,704.98,31-Aug-2020,
305,5f4e37e2ebde4f0009f91379,HCLTECH,EQ,N,704.0,682.4,695.0,689.6,692.25,694.4,6377322,4432514477.35,1170.0,375.25,70102,INE860A01027,2020-09-01,2020-08-31T18:30:00.000Z,2020-09-01T12:00:34.138Z,2020-09-01T12:00:34.138Z,0,695.04,01-Sep-2020,
306,5f4f897ff5452d0008a04f03,HCLTECH,EQ,N,704.8,689.1,689.9,701.95,702.7,689.6,4090511,2855545336.95,1170.0,375.25,69906,INE860A01027,2020-09-02,2020-09-01T18:30:00.000Z,2020-09-02T12:01:03.318Z,2020-09-02T12:01:03.318Z,0,698.09,02-Sep-2020,
307,5f50daff2a3f71000842c60e,HCLTECH,EQ,N,716.4,697.6,704.8,706.75,707.8,701.95,5468161,3873914728.0,1170.0,375.25,100811,INE860A01027,2020-09-03,2020-09-02T18:30:00.000Z,2020-09-03T12:01:03.502Z,2020-09-03T12:01:03.502Z,0,708.45,03-Sep-2020,
308,5f522c7f8562d400084539c5,HCLTECH,EQ,N,704.5,692.05,695.15,700.8,702.0,706.75,3354844,2344480521.35,1170.0,375.25,49600,INE860A01027,2020-09-04,2020-09-03T18:30:00.000Z,2020-09-04T12:01:03.284Z,2020-09-04T12:01:03.284Z,0,698.83,04-Sep-2020,
309,5f5620e29db6d40008c4e255,HCLTECH,EQ,N,712.4,689.05,696.35,708.8,707.05,700.8,4238823,2975801272.85,1170.0,375.25,89393,INE860A01027,2020-09-07,2020-09-06T18:30:00.000Z,2020-09-07T12:00:34.604Z,2020-09-07T12:00:34.604Z,0,702.03,07-Sep-2020,
310,5f5772625c8f3c0008c9440b,HCLTECH,EQ,N,738.9,703.2,708.8,725.9,721.85,708.8,11522742,8385341841.85,1170.0,375.25,186330,INE860A01027,2020-09-08,2020-09-07T18:30:00.000Z,2020-09-08T12:00:34.081Z,2020-09-08T12:00:34.081Z,0,727.72,08-Sep-2020,
311,5f58c3e3fb95de00085ab3a6,HCLTECH,EQ,N,730.9,710.2,712.1,721.95,722.6,725.9,5514179,3977432747.85,1170.0,375.25,101369,INE860A01027,2020-09-09,2020-09-08T18:30:00.000Z,2020-09-09T12:00:35.729Z,2020-09-09T12:00:35.729Z,0,721.31,09-Sep-2020,
312,5f5a155c3390f6000817c296,HCLTECH,EQ,N,728.95,713.8,728.65,722.4,720.7,721.95,3366359,2426371004.05,1170.0,375.25,67465,INE860A01027,2020-09-10,2020-09-09T18:30:00.000Z,2020-09-10T12:00:28.567Z,2020-09-10T12:00:28.567Z,0,720.77,10-Sep-2020,
313,5f5b66e4b1bd6300081d7ea4,HCLTECH,EQ,N,734.0,710.15,712.0,721.65,720.05,722.4,7221687,5222954988.8,1170.0,375.25,120764,INE860A01027,2020-09-11,2020-09-10T18:30:00.000Z,2020-09-11T12:00:36.868Z,2020-09-11T12:00:36.868Z,0,723.23,11-Sep-2020,
314,5f5f5b63d8f5e500081a9011,HCLTECH,EQ,N,825.1,744.15,745.0,794.95,793.0,721.65,32312531,25320377282.45,1170.0,375.25,415569,INE860A01027,2020-09-14,2020-09-13T18:30:00.000Z,2020-09-14T12:00:35.958Z,2020-09-14T12:00:35.958Z,0,783.61,14-Sep-2020,"[{'symbol': 'HCLTECH', 'series': 'EQ', 'ind': '-', 'faceVal': '2', 'subject': ' Dividend - Rs 2 Per Share', 'exDate': '14-Sep-2020', 'recDate': '-', 'bcStartDate': '16-Sep-2020', 'bcEndDate': '17-Sep-2020', 'ndStartDate': '-', 'comp': 'HCL Technologies Limited', 'isin': 'INE860A01027', 'ndEndDate': '-', 'caBroadcastDate': None}]"
315,5ef5e37ec1a70000082b9066,HCLTECH,EQ,N,573.9,545.0,550.05,562.4,562.8,550.05,7034881,3954869425.85,1170.0,375.25,118617,INE860A01027,2020-06-26,2020-06-25T18:30:00.000Z,2020-06-26T12:01:02.747Z,2020-06-26T12:01:02.747Z,0,562.18,26-Jun-2020,
316,5efa2263d683380008b43af6,HCLTECH,EQ,N,565.9,550.3,562.0,553.7,553.0,562.4,3857756,2150361998.85,1170.0,375.25,99294,INE860A01027,2020-06-29,2020-06-28T18:30:00.000Z,2020-06-29T17:18:27.886Z,2020-06-29T17:18:27.886Z,0,557.41,29-Jun-2020,
317,5efb295b9088950008138cfe,HCLTECH,EQ,N,560.8,553.25,558.0,556.85,557.0,553.7,3110587,1731648263.85,1170.0,375.25,110486,INE860A01027,2020-06-30,2020-06-29T18:30:00.000Z,2020-06-30T12:00:27.729Z,2020-06-30T12:00:27.729Z,0,556.7,30-Jun-2020,
318,5efcc9690b8f47000850dfd4,HCLTECH,EQ,N,559.6,551.0,557.95,551.75,551.2,556.85,3004728,1664205947.75,1170.0,375.25,61925,INE860A01027,2020-07-01,2020-06-30T18:30:00.000Z,2020-07-01T17:35:37.983Z,2020-07-01T17:35:37.983Z,0,553.86,01-Jul-2020,
319,5efdcc7f7869e50009733722,HCLTECH,EQ,N,572.4,552.9,555.0,569.2,570.95,551.75,5243654,2960414869.1,1170.0,375.25,106497,INE860A01027,2020-07-02,2020-07-01T18:30:00.000Z,2020-07-02T12:01:03.183Z,2020-07-02T12:01:03.183Z,0,564.57,02-Jul-2020,
320,5eff1dff59d2de000814f5df,HCLTECH,EQ,N,580.55,570.6,572.0,579.15,578.45,569.2,3735600,2153332391.75,1170.0,375.25,53512,INE860A01027,2020-07-03,2020-07-02T18:30:00.000Z,2020-07-03T12:01:03.484Z,2020-07-03T12:01:03.484Z,0,576.44,03-Jul-2020,
321,5f111c00da8bb90009dbcf3b,HCLTECH,EQ,N,589.0,577.25,579.15,578.7,578.55,579.15,3288423,1920685979.35,1170.0,375.25,76889,INE860A01027,2020-07-06,2020-07-05T18:30:00.000Z,2020-07-17T03:33:20.527Z,2020-07-17T03:33:20.527Z,0,584.08,06-Jul-2020,
322,5f0463de9c0f4b0008140c31,HCLTECH,EQ,N,594.45,575.15,582.0,592.05,593.0,578.7,7255520,4249780977.9,1170.0,375.25,120847,INE860A01027,2020-07-07,2020-07-06T18:30:00.000Z,2020-07-07T12:00:30.511Z,2020-07-07T12:00:30.511Z,0,585.73,07-Jul-2020,
323,5f05b57f69b2c10008238dc2,HCLTECH,EQ,N,594.75,573.0,594.75,574.9,574.45,592.05,4625061,2682849750.6,1170.0,375.25,81989,INE860A01027,2020-07-08,2020-07-07T18:30:00.000Z,2020-07-08T12:01:03.033Z,2020-07-08T12:01:03.033Z,0,580.07,08-Jul-2020,
324,5f111b8e6a98190008dff1cf,HCLTECH,EQ,N,591.6,575.0,575.65,588.25,588.0,574.9,4807935,2812977215.9,1170.0,375.25,73521,INE860A01027,2020-07-09,2020-07-08T18:30:00.000Z,2020-07-17T03:31:26.534Z,2020-07-17T03:31:26.534Z,0,585.07,09-Jul-2020,
325,5f111d37da8bb90009dbd842,HCLTECH,EQ,N,588.55,579.85,588.25,582.25,582.0,588.25,2376908,1387350540.5,1170.0,375.25,57166,INE860A01027,2020-07-10,2020-07-09T18:30:00.000Z,2020-07-17T03:38:31.069Z,2020-07-17T03:38:31.069Z,0,583.68,10-Jul-2020,
326,5f605fdb0c9b9500080a5667,HCLTECH,EQ,N,605.0,583.35,585.0,602.6,604.0,582.25,5443995,3255206313.0,1170.0,375.25,75578,INE860A01027,2020-07-13,2020-07-12T18:30:00.000Z,2020-09-15T06:31:55.502Z,2020-09-15T06:31:55.502Z,0,597.94,13-Jul-2020,
327,5f0debd94826170008aa1b46,HCLTECH,EQ,N,613.75,588.1,604.6,591.35,590.25,602.6,6212718,3740749506.55,1170.0,375.25,101537,INE860A01027,2020-07-14,2020-07-13T18:30:00.000Z,2020-07-14T17:31:05.116Z,2020-07-14T17:31:05.116Z,0,602.11,14-Jul-2020,
328,5f111ca9cc94cd0009f48cf0,HCLTECH,EQ,N,627.95,592.5,593.65,615.2,618.95,591.35,9928037,6119148156.75,1170.0,375.25,139453,INE860A01027,2020-07-15,2020-07-14T18:30:00.000Z,2020-07-17T03:36:09.355Z,2020-07-17T03:36:09.355Z,0,616.35,15-Jul-2020,
329,5f1098754fc18a00089d11e8,HCLTECH,EQ,N,652.2,607.15,630.0,627.75,634.0,615.2,20771278,13109803014.05,1170.0,375.25,304276,INE860A01027,2020-07-16,2020-07-15T18:30:00.000Z,2020-07-16T18:12:05.910Z,2020-07-16T18:12:05.910Z,0,631.15,16-Jul-2020,
330,5f1192ffcef9350008a52354,HCLTECH,EQ,N,644.65,613.4,629.5,623.15,624.7,627.75,26830689,16925468925.35,1170.0,375.25,365141,INE860A01027,2020-07-17,2020-07-16T18:30:00.000Z,2020-07-17T12:01:03.475Z,2020-07-17T12:01:03.475Z,0,630.82,17-Jul-2020,
331,5f15d3e86317fd00080d79ad,HCLTECH,EQ,N,652.0,626.85,633.0,648.6,649.4,623.15,10543170,6740680411.15,1170.0,375.25,178170,INE860A01027,2020-07-20,2020-07-19T18:30:00.000Z,2020-07-20T17:27:04.733Z,2020-07-20T17:27:04.733Z,0,639.34,20-Jul-2020,
332,5f16d8ffefc9fc0008af7868,HCLTECH,EQ,N,662.35,643.3,652.0,652.35,652.3,648.6,8801064,5741191833.1,1170.0,375.25,150497,INE860A01027,2020-07-21,2020-07-20T18:30:00.000Z,2020-07-21T12:01:03.456Z,2020-07-21T12:01:03.456Z,0,652.33,21-Jul-2020,
333,5f182a6efc4c4600084126d7,HCLTECH,EQ,N,658.0,643.1,657.0,650.15,650.65,652.35,3837969,2490598440.35,1170.0,375.25,72222,INE860A01027,2020-07-22,2020-07-21T18:30:00.000Z,2020-07-22T12:00:46.628Z,2020-07-22T12:00:46.628Z,0,648.94,22-Jul-2020,
334,5f1b186a8a46ea0008de2806,HCLTECH,EQ,N,656.95,643.55,650.0,652.85,650.95,650.15,3173126,2066179589.45,1170.0,375.25,76991,INE860A01027,2020-07-23,2020-07-22T18:30:00.000Z,2020-07-24T17:20:42.946Z,2020-07-24T17:20:42.946Z,0,651.15,23-Jul-2020,"[{'symbol': 'HCLTECH', 'series': 'EQ', 'ind': '-', 'faceVal': '2', 'subject': ' Interim Dividend - Rs 2 Per Share', 'exDate': '23-Jul-2020', 'recDate': '25-Jul-2020', 'bcStartDate': '-', 'bcEndDate': '-', 'ndStartDate': '-', 'comp': 'HCL Technologies Limited', 'isin': 'INE860A01027', 'ndEndDate': '-', 'caBroadcastDate': None}]"
335,5f1b182cdd82bb00086f5828,HCLTECH,EQ,N,684.8,640.9,641.0,679.95,683.5,652.85,12365729,8232573071.1,1170.0,375.25,160216,INE860A01027,2020-07-24,2020-07-23T18:30:00.000Z,2020-07-24T17:19:40.382Z,2020-07-24T17:19:40.382Z,0,665.76,24-Jul-2020,
336,5fa0dd8d0951f1000879facc,HCLTECH,EQ,N,704.4,676.5,684.0,701.1,700.85,679.95,11349061,7866239651.95,1170.0,375.25,206079,INE860A01027,2020-07-27,2020-07-26T18:30:00.000Z,2020-11-03T04:33:17.311Z,2020-11-03T04:33:17.311Z,0,693.12,27-Jul-2020,
337,5f213f7202e98e0008a389e2,HCLTECH,EQ,N,716.05,695.7,702.0,712.45,711.0,701.1,8469643,5986235040.2,1170.0,375.25,182016,INE860A01027,2020-07-28,2020-07-27T18:30:00.000Z,2020-07-29T09:20:50.480Z,2020-07-29T09:20:50.480Z,0,706.79,28-Jul-2020,
338,5f216505071d1500088a088e,HCLTECH,EQ,N,710.75,692.5,710.0,694.4,694.4,712.45,7142688,4991707650.85,1170.0,375.25,121239,INE860A01027,2020-07-29,2020-07-28T18:30:00.000Z,2020-07-29T12:01:09.686Z,2020-07-29T12:01:09.686Z,0,698.86,29-Jul-2020,
339,5f22fc2b2789e000087fff69,HCLTECH,EQ,N,712.55,692.65,698.0,695.45,696.0,694.4,7966921,5612223034.45,1170.0,375.25,138161,INE860A01027,2020-07-30,2020-07-29T18:30:00.000Z,2020-07-30T16:58:19.440Z,2020-07-30T16:58:19.440Z,0,704.44,30-Jul-2020,
340,5f2407ed6648970008dba482,HCLTECH,EQ,N,716.7,696.0,701.85,705.2,706.0,695.45,6322672,4473786956.25,1170.0,375.25,115232,INE860A01027,2020-07-31,2020-07-30T18:30:00.000Z,2020-07-31T12:00:45.319Z,2020-07-31T12:00:45.319Z,0,707.58,31-Jul-2020,
341,5f27fc7e5b1a0f000868a16b,HCLTECH,EQ,N,718.0,700.55,709.1,705.95,707.7,705.2,5546348,3924282897.8,1170.0,375.25,102748,INE860A01027,2020-08-03,2020-08-02T18:30:00.000Z,2020-08-03T12:01:02.775Z,2020-08-03T12:01:02.775Z,0,707.54,03-Aug-2020,
342,5f294dfe151477000842907d,HCLTECH,EQ,N,711.0,687.05,709.5,692.65,692.5,705.95,6683186,4634576579.45,1170.0,375.25,127895,INE860A01027,2020-08-04,2020-08-03T18:30:00.000Z,2020-08-04T12:01:02.920Z,2020-08-04T12:01:02.920Z,0,693.47,04-Aug-2020,
343,5f2a9f7f1514770008429a40,HCLTECH,EQ,N,702.4,681.0,692.65,688.4,689.5,692.65,6052234,4182298931.7,1170.0,375.25,92508,INE860A01027,2020-08-05,2020-08-04T18:30:00.000Z,2020-08-05T12:01:03.324Z,2020-08-05T12:01:03.324Z,0,691.03,05-Aug-2020,
344,5ec279055b32f10008a590c9,HCLTECH,EQ,N,518.65,507.5,514.7,510.75,513.0,511.25,5159670,2644092703.0,1170.0,375.25,88086,INE860A01027,2020-05-18,2020-05-17T18:30:00.000Z,2020-05-18T12:01:09.838Z,2020-05-18T12:01:09.838Z,0,512.45,18-May-2020,
345,5ec3ca627ac81d00085e1662,HCLTECH,EQ,N,520.5,506.2,512.0,518.25,519.2,510.75,3967055,2044283724.75,1170.0,375.25,66640,INE860A01027,2020-05-19,2020-05-18T18:30:00.000Z,2020-05-19T12:00:34.898Z,2020-05-19T12:00:34.898Z,0,515.32,19-May-2020,
346,5ec51bffd776c7000837ecb9,HCLTECH,EQ,N,528.65,515.0,515.05,526.75,526.4,518.25,3138733,1645122999.5,1170.0,375.25,69200,INE860A01027,2020-05-20,2020-05-19T18:30:00.000Z,2020-05-20T12:01:03.250Z,2020-05-20T12:01:03.250Z,0,524.14,20-May-2020,
347,5ec66d6293ecae00085c0d3c,HCLTECH,EQ,N,537.5,523.4,529.8,534.85,534.9,526.75,4523685,2402305199.6,1170.0,375.25,85794,INE860A01027,2020-05-21,2020-05-20T18:30:00.000Z,2020-05-21T12:00:34.879Z,2020-05-21T12:00:34.879Z,0,531.05,21-May-2020,
348,5ec7befe7e6cba0008f8ddd1,HCLTECH,EQ,N,535.0,523.0,533.65,530.4,531.45,534.85,6410485,3393840793.15,1170.0,375.25,88894,INE860A01027,2020-05-22,2020-05-21T18:30:00.000Z,2020-05-22T12:01:02.474Z,2020-05-22T12:01:02.474Z,0,529.42,22-May-2020,
349,5ecd04e00f5c2100084bbc26,HCLTECH,EQ,N,536.5,520.25,530.0,524.0,527.5,530.4,4055697,2145521329.15,1170.0,375.25,80198,INE860A01027,2020-05-26,2020-05-25T18:30:00.000Z,2020-05-26T12:00:32.799Z,2020-05-26T12:00:32.799Z,0,529.01,26-May-2020,
350,5ece567e2e488c00082ac6f2,HCLTECH,EQ,N,533.9,516.0,529.7,530.95,527.2,524.0,4828848,2532469094.4,1170.0,375.25,85742,INE860A01027,2020-05-27,2020-05-26T18:30:00.000Z,2020-05-27T12:01:02.777Z,2020-05-27T12:01:02.777Z,0,524.45,27-May-2020,
351,5ecfa7fe413b6c0008208dbd,HCLTECH,EQ,N,546.0,523.0,531.0,542.65,543.9,530.95,4492817,2400751811.85,1170.0,375.25,97391,INE860A01027,2020-05-28,2020-05-27T18:30:00.000Z,2020-05-28T12:01:02.991Z,2020-05-28T12:01:02.991Z,0,534.35,28-May-2020,
352,5ed0fd06623c1d00084ef361,HCLTECH,EQ,N,555.0,536.7,540.0,550.25,552.0,542.65,7853814,4305327791.8,1170.0,375.25,111025,INE860A01027,2020-05-29,2020-05-28T18:30:00.000Z,2020-05-29T12:16:06.404Z,2020-05-29T12:16:06.404Z,0,548.18,29-May-2020,
353,5ed4edfe76f1980008126b3d,HCLTECH,EQ,N,573.4,555.5,557.0,559.75,557.0,550.25,4503607,2547616414.45,1170.0,375.25,80585,INE860A01027,2020-06-01,2020-05-31T18:30:00.000Z,2020-06-01T12:01:02.876Z,2020-06-01T12:01:02.876Z,0,565.68,01-Jun-2020,
354,5ee766dda27a6a0008c9e9a0,HCLTECH,EQ,N,567.75,550.0,559.3,560.2,562.95,559.75,2930073,1643708343.0,1170.0,375.25,72773,INE860A01027,2020-06-02,2020-06-01T18:30:00.000Z,2020-06-15T12:17:33.181Z,2020-06-15T12:17:33.181Z,0,560.98,02-Jun-2020,
355,5ed790ff7a1af200085d03ed,HCLTECH,EQ,N,568.4,557.0,564.0,562.8,565.3,560.2,4202273,2361720133.05,1170.0,375.25,82210,INE860A01027,2020-06-03,2020-06-02T18:30:00.000Z,2020-06-03T12:01:03.361Z,2020-06-03T12:01:03.361Z,0,562.01,03-Jun-2020,
356,5ed8e2634439fd000851252f,HCLTECH,EQ,N,583.7,559.0,565.0,578.95,580.75,562.8,5315354,3030245420.0,1170.0,375.25,157648,INE860A01027,2020-06-04,2020-06-03T18:30:00.000Z,2020-06-04T12:00:35.637Z,2020-06-04T12:00:35.637Z,0,570.09,04-Jun-2020,
357,5eda33ff44f13100088b54ed,HCLTECH,EQ,N,587.15,572.5,585.0,575.95,575.0,578.95,3995825,2307377577.4,1170.0,375.25,90192,INE860A01027,2020-06-05,2020-06-04T18:30:00.000Z,2020-06-05T12:01:03.158Z,2020-06-05T12:01:03.158Z,0,577.45,05-Jun-2020,
358,5ef243cab998c10008afc5d4,HCLTECH,EQ,N,583.5,571.05,579.15,578.25,578.0,575.95,3772143,2182208882.35,1170.0,375.25,84820,INE860A01027,2020-06-08,2020-06-07T18:30:00.000Z,2020-06-23T18:02:50.475Z,2020-06-23T18:02:50.475Z,0,578.51,08-Jun-2020,
359,5ef243dfba3ac100096f1394,HCLTECH,EQ,N,583.6,570.0,574.15,572.85,570.0,578.25,3812757,2199937347.4,1170.0,375.25,127861,INE860A01027,2020-06-09,2020-06-08T18:30:00.000Z,2020-06-23T18:03:11.432Z,2020-06-23T18:03:11.432Z,0,576.99,09-Jun-2020,
360,5ef24475f328a00008db06eb,HCLTECH,EQ,N,587.5,573.6,575.0,578.7,578.0,572.85,6491758,3769645787.4,1170.0,375.25,93652,INE860A01027,2020-06-10,2020-06-09T18:30:00.000Z,2020-06-23T18:05:41.212Z,2020-06-23T18:05:41.212Z,0,580.68,10-Jun-2020,
361,5ef2444bc4ea2e0008a74ae4,HCLTECH,EQ,N,584.9,574.1,580.0,578.05,576.25,578.7,4975680,2881695648.5,1170.0,375.25,72961,INE860A01027,2020-06-11,2020-06-10T18:30:00.000Z,2020-06-23T18:04:59.391Z,2020-06-23T18:04:59.391Z,0,579.16,11-Jun-2020,
362,5ee36e6cf0beca000932bcbd,HCLTECH,EQ,N,578.7,555.2,555.2,570.75,571.0,578.05,6624056,3762582706.0,1170.0,375.25,118919,INE860A01027,2020-06-12,2020-06-11T18:30:00.000Z,2020-06-12T12:00:44.932Z,2020-06-12T12:00:44.932Z,0,568.02,12-Jun-2020,
363,5ee7689efdc386000899aab4,HCLTECH,EQ,N,581.0,563.7,574.8,578.95,579.25,570.75,3787100,2175760975.6,1170.0,375.25,81883,INE860A01027,2020-06-15,2020-06-14T18:30:00.000Z,2020-06-15T12:25:02.806Z,2020-06-15T12:25:02.806Z,0,574.52,15-Jun-2020,
364,5ee8b4646ad8fa00085c1b45,HCLTECH,EQ,N,593.5,578.4,585.0,580.9,579.2,578.95,4728409,2769651588.95,1170.0,375.25,92201,INE860A01027,2020-06-16,2020-06-15T18:30:00.000Z,2020-06-16T12:00:36.762Z,2020-06-16T12:00:36.762Z,0,585.75,16-Jun-2020,
365,5eea05e246247b00083062ae,HCLTECH,EQ,N,581.85,573.0,580.0,575.85,575.6,580.9,3572362,2064352471.2,1170.0,375.25,93262,INE860A01027,2020-06-17,2020-06-16T18:30:00.000Z,2020-06-17T12:00:34.613Z,2020-06-17T12:00:34.613Z,0,577.87,17-Jun-2020,
366,5eeb7f4cc126050008ec8ef3,HCLTECH,EQ,N,583.8,570.1,571.2,578.95,577.9,575.85,1918329,1105349680.5,1170.0,375.25,48659,INE860A01027,2020-06-18,2020-06-17T18:30:00.000Z,2020-06-18T14:50:52.774Z,2020-06-18T14:50:52.774Z,0,576.2,18-Jun-2020,
367,5eeca901ca24150008292911,HCLTECH,EQ,N,578.0,567.2,574.0,569.6,572.0,578.95,6182630,3529815538.6,1170.0,375.25,76370,INE860A01027,2020-06-19,2020-06-18T18:30:00.000Z,2020-06-19T12:01:05.783Z,2020-06-19T12:01:05.783Z,0,570.92,19-Jun-2020,
368,5ef243b15ff88f00087d78d2,HCLTECH,EQ,N,576.65,565.4,575.0,569.6,569.95,569.6,2666303,1522815747.2,1170.0,375.25,65666,INE860A01027,2020-06-22,2020-06-21T18:30:00.000Z,2020-06-23T18:02:25.934Z,2020-06-23T18:02:25.934Z,0,571.13,22-Jun-2020,
369,5ef1ef028d7230000817f6e9,HCLTECH,EQ,N,583.5,563.75,569.7,580.25,579.0,569.6,4522086,2610240459.95,1170.0,375.25,106226,INE860A01027,2020-06-23,2020-06-22T18:30:00.000Z,2020-06-23T12:01:06.186Z,2020-06-23T12:01:06.186Z,0,577.22,23-Jun-2020,
370,5f111b2e9efdea00086cbb4e,HCLTECH,EQ,N,579.8,554.4,575.0,559.6,561.0,580.25,5339903,3023591331.4,1170.0,375.25,111222,INE860A01027,2020-06-24,2020-06-23T18:30:00.000Z,2020-07-17T03:29:50.250Z,2020-07-17T03:29:50.250Z,0,566.23,24-Jun-2020,
371,5f111b58048982000805a5fd,HCLTECH,EQ,N,560.7,548.0,557.6,550.05,548.4,559.6,6353508,3509501266.95,1170.0,375.25,111681,INE860A01027,2020-06-25,2020-06-24T18:30:00.000Z,2020-07-17T03:30:32.197Z,2020-07-17T03:30:32.197Z,0,552.37,25-Jun-2020,
372,5ef5e37ec1a70000082b9066,HCLTECH,EQ,N,573.9,545.0,550.05,562.4,562.8,550.05,7034881,3954869425.85,1170.0,375.25,118617,INE860A01027,2020-06-26,2020-06-25T18:30:00.000Z,2020-06-26T12:01:02.747Z,2020-06-26T12:01:02.747Z,0,562.18,26-Jun-2020,
373,5e8c6b7e097b5b00085ac753,HCLTECH,EQ,N,457.95,425.0,425.0,451.15,456.0,405.8,5972948,2647166163.2,1187.6,375.25,120075,INE860A01027,2020-04-07,2020-04-06T18:30:00.000Z,2020-04-07T12:01:02.578Z,2020-04-07T12:01:02.578Z,0,443.19,07-Apr-2020,
374,5e8dbcff2b81d000080d124b,HCLTECH,EQ,N,476.8,449.0,451.0,463.1,466.25,451.15,7991062,3734513998.3,1187.6,375.25,111912,INE860A01027,2020-04-08,2020-04-07T18:30:00.000Z,2020-04-08T12:01:03.298Z,2020-04-08T12:01:03.298Z,0,467.34,08-Apr-2020,
375,5e8f0e7e9f28990008153a83,HCLTECH,EQ,N,481.0,462.0,480.7,469.05,470.0,463.1,5069246,2380516357.2,1187.6,375.25,85608,INE860A01027,2020-04-09,2020-04-08T18:30:00.000Z,2020-04-09T12:01:02.506Z,2020-04-09T12:01:02.506Z,0,469.6,09-Apr-2020,
376,5e94547e328a5900084152f0,HCLTECH,EQ,N,471.0,454.0,470.0,458.25,461.0,469.05,2236731,1025850219.3,1187.6,375.25,54865,INE860A01027,2020-04-13,2020-04-12T18:30:00.000Z,2020-04-13T12:01:02.274Z,2020-04-13T12:01:02.274Z,0,458.64,13-Apr-2020,
377,5e96f77ed46af300089bd3c4,HCLTECH,EQ,N,482.0,462.7,470.0,478.75,481.2,458.25,6333192,2995860466.25,1187.6,375.25,124242,INE860A01027,2020-04-15,2020-04-14T18:30:00.000Z,2020-04-15T12:01:02.369Z,2020-04-15T12:01:02.369Z,0,473.04,15-Apr-2020,
378,5e9848e1cd402800080de66d,HCLTECH,EQ,N,476.0,456.7,473.0,459.75,459.8,478.75,10484847,4875303122.95,1187.6,375.25,225515,INE860A01027,2020-04-16,2020-04-15T18:30:00.000Z,2020-04-16T12:00:33.874Z,2020-04-16T12:00:33.874Z,0,464.99,16-Apr-2020,
379,5e999a5bd9a83d0008a9bb27,HCLTECH,EQ,N,475.0,453.65,470.0,455.25,457.0,459.75,4706460,2167802342.15,1187.6,375.25,119829,INE860A01027,2020-04-17,2020-04-16T18:30:00.000Z,2020-04-17T12:00:27.715Z,2020-04-17T12:00:27.715Z,0,460.6,17-Apr-2020,
380,5e9d8effea7d82000850d55a,HCLTECH,EQ,N,473.6,453.5,458.0,470.0,469.9,455.25,4801120,2243978570.55,1187.6,375.25,115539,INE860A01027,2020-04-20,2020-04-19T18:30:00.000Z,2020-04-20T12:01:03.013Z,2020-04-20T12:01:03.013Z,0,467.39,20-Apr-2020,
381,5e9ee0632fa7f400080fed09,HCLTECH,EQ,N,464.95,447.85,458.0,455.7,455.05,470.0,3405204,1550199472.95,1187.6,375.25,60418,INE860A01027,2020-04-21,2020-04-20T18:30:00.000Z,2020-04-21T12:00:35.773Z,2020-04-21T12:00:35.773Z,0,455.24,21-Apr-2020,
382,5ea031e129938c0008a2ba6d,HCLTECH,EQ,N,469.45,450.0,453.0,462.4,463.5,455.7,3768051,1738902050.0,1187.6,375.25,71852,INE860A01027,2020-04-22,2020-04-21T18:30:00.000Z,2020-04-22T12:00:33.859Z,2020-04-22T12:00:33.859Z,0,461.49,22-Apr-2020,
383,5ea1837ef581ca0008bae1cc,HCLTECH,EQ,N,480.75,462.4,465.0,477.7,480.0,462.4,3054988,1447212593.15,1187.6,375.25,61297,INE860A01027,2020-04-23,2020-04-22T18:30:00.000Z,2020-04-23T12:01:02.679Z,2020-04-23T12:01:02.679Z,0,473.72,23-Apr-2020,
384,5ea2d4fe98bd8600083226eb,HCLTECH,EQ,N,496.9,465.15,480.0,468.1,468.1,477.7,6738441,3231611938.7,1187.6,375.25,104786,INE860A01027,2020-04-24,2020-04-23T18:30:00.000Z,2020-04-24T12:01:02.967Z,2020-04-24T12:01:02.967Z,0,479.58,24-Apr-2020,
385,5ea6c963544ba90008e896db,HCLTECH,EQ,N,485.7,467.25,473.1,483.1,484.0,468.1,2914600,1394616385.75,1187.6,375.25,66778,INE860A01027,2020-04-27,2020-04-26T18:30:00.000Z,2020-04-27T12:00:35.195Z,2020-04-27T12:00:35.195Z,0,478.49,27-Apr-2020,
386,5ea81ae244c8c20008e523a0,HCLTECH,EQ,N,489.0,469.45,489.0,471.1,474.25,483.1,4262239,2019852356.35,1187.6,375.25,58064,INE860A01027,2020-04-28,2020-04-27T18:30:00.000Z,2020-04-28T12:00:34.889Z,2020-04-28T12:00:34.889Z,0,473.89,28-Apr-2020,
387,5ea96c62e9c5d6000806b078,HCLTECH,EQ,N,501.0,470.2,474.8,491.75,495.0,471.1,3849156,1854120925.2,1187.6,375.25,74523,INE860A01027,2020-04-29,2020-04-28T18:30:00.000Z,2020-04-29T12:00:34.944Z,2020-04-29T12:00:34.944Z,0,481.7,29-Apr-2020,
388,5eaabddc4a869300089a8b75,HCLTECH,EQ,N,565.5,501.0,506.5,543.55,545.0,491.75,8035698,4238930037.6,1187.6,375.25,142686,INE860A01027,2020-04-30,2020-04-29T18:30:00.000Z,2020-04-30T12:00:28.183Z,2020-04-30T12:00:28.183Z,0,527.51,30-Apr-2020,
389,5ef24558b9601200082d83fc,HCLTECH,EQ,N,527.5,508.2,527.5,514.25,514.9,543.55,7032553,3614482821.4,1170.0,375.25,143067,INE860A01027,2020-05-04,2020-05-03T18:30:00.000Z,2020-06-23T18:09:28.698Z,2020-06-23T18:09:28.698Z,0,513.96,04-May-2020,
390,5ece2fbba7d7070008238433,HCLTECH,EQ,N,529.9,515.65,526.0,520.4,521.3,514.25,4592833,2397806446.8,1170.0,375.25,93760,INE860A01027,2020-05-05,2020-05-04T18:30:00.000Z,2020-05-27T09:15:39.330Z,2020-05-27T09:15:39.330Z,0,522.08,05-May-2020,
391,5eb2a6e26952ee000828885e,HCLTECH,EQ,N,526.7,506.2,512.2,519.1,521.0,520.4,6921536,3584016691.65,1170.0,375.25,144546,INE860A01027,2020-05-06,2020-05-05T18:30:00.000Z,2020-05-06T12:00:34.066Z,2020-05-06T12:00:34.066Z,0,517.81,06-May-2020,
392,5eb3f85b5bbde20008dc3ba3,HCLTECH,EQ,N,541.8,507.55,530.0,511.75,510.5,519.1,19998942,10464165769.05,1170.0,375.25,292085,INE860A01027,2020-05-07,2020-05-06T18:30:00.000Z,2020-05-07T12:00:27.374Z,2020-05-07T12:00:27.374Z,0,523.24,07-May-2020,
393,5eb549ded994850008367e9a,HCLTECH,EQ,N,522.5,502.4,520.85,518.4,519.0,511.75,10120968,5212261619.15,1170.0,375.25,161781,INE860A01027,2020-05-08,2020-05-07T18:30:00.000Z,2020-05-08T12:00:30.218Z,2020-05-08T12:00:30.218Z,0,515.0,08-May-2020,
394,5eb93e6193bc020008079e35,HCLTECH,EQ,N,534.9,521.2,526.0,527.55,527.0,518.4,4425560,2345605221.85,1170.0,375.25,103083,INE860A01027,2020-05-11,2020-05-10T18:30:00.000Z,2020-05-11T12:00:33.193Z,2020-05-11T12:00:33.193Z,0,530.01,11-May-2020,
395,5eba8fe1dad6ca0008e067c5,HCLTECH,EQ,N,540.0,520.0,525.45,527.4,527.3,527.55,6440027,3420566835.55,1170.0,375.25,123687,INE860A01027,2020-05-12,2020-05-11T18:30:00.000Z,2020-05-12T12:00:33.534Z,2020-05-12T12:00:33.534Z,0,531.14,12-May-2020,
396,5ebbe161f79ef100088a73ed,HCLTECH,EQ,N,539.85,521.55,539.85,528.75,527.0,527.4,3503019,1858036337.95,1170.0,375.25,65175,INE860A01027,2020-05-13,2020-05-12T18:30:00.000Z,2020-05-13T12:00:33.618Z,2020-05-13T12:00:33.618Z,0,530.41,13-May-2020,
397,5ebd32e1b7d0c80008e471a6,HCLTECH,EQ,N,527.55,514.35,519.4,517.45,515.0,528.75,3741679,1953170071.8,1170.0,375.25,80074,INE860A01027,2020-05-14,2020-05-13T18:30:00.000Z,2020-05-14T12:00:33.914Z,2020-05-14T12:00:33.914Z,0,522.0,14-May-2020,
398,5ebe847ec738bf0008c4d983,HCLTECH,EQ,N,517.95,505.25,517.95,511.25,512.2,517.45,4895771,2501283541.55,1170.0,375.25,92194,INE860A01027,2020-05-15,2020-05-14T18:30:00.000Z,2020-05-15T12:01:02.406Z,2020-05-15T12:01:02.406Z,0,510.91,15-May-2020,
399,5e57af62a6a62e00087802fb,HCLTECH,EQ,N,582.4,568.0,582.1,573.05,571.0,583.6,4078174,2337341544.0,1187.6,535.05,97257,INE860A01027,2020-02-27,2020-02-26T18:30:00.000Z,2020-02-27T12:00:34.493Z,2020-02-27T12:00:34.493Z,0,573.13,27-Feb-2020,
400,5e5900e2ce0adf00088889d0,HCLTECH,EQ,N,564.0,531.2,560.0,534.35,539.0,573.05,7894806,4318041180.3,1187.6,531.2,161062,INE860A01027,2020-02-28,2020-02-27T18:30:00.000Z,2020-02-28T12:00:34.967Z,2020-02-28T12:00:34.967Z,0,546.95,28-Feb-2020,
401,5e5cf57e9e55a200083f5278,HCLTECH,EQ,N,565.85,537.85,541.05,549.7,547.6,534.35,8175982,4529087569.8,1187.6,531.2,166431,INE860A01027,2020-03-02,2020-03-01T18:30:00.000Z,2020-03-02T12:01:02.314Z,2020-03-02T12:01:02.314Z,0,553.95,02-Mar-2020,
402,5e5e46db599ecf0008394ed6,HCLTECH,EQ,N,568.75,555.0,556.0,565.05,568.2,549.7,4682284,2630302017.2,1187.6,531.2,131005,INE860A01027,2020-03-03,2020-03-02T18:30:00.000Z,2020-03-03T12:00:27.542Z,2020-03-03T12:00:27.542Z,0,561.76,03-Mar-2020,
403,5e5f9860e28dc70008eeb9ae,HCLTECH,EQ,N,575.4,561.0,569.0,563.1,562.2,565.05,5175180,2932609654.3,1187.6,531.2,104336,INE860A01027,2020-03-04,2020-03-03T18:30:00.000Z,2020-03-04T12:00:32.908Z,2020-03-04T12:00:32.908Z,0,566.67,04-Mar-2020,
404,5e60e9e03022d70008501546,HCLTECH,EQ,N,581.9,563.15,568.0,576.4,576.0,563.1,6061347,3505571601.1,1187.6,531.2,89062,INE860A01027,2020-03-05,2020-03-04T18:30:00.000Z,2020-03-05T12:00:32.799Z,2020-03-05T12:00:32.799Z,0,578.35,05-Mar-2020,
405,5e623b6013351a000888f60b,HCLTECH,EQ,N,573.95,559.55,570.0,566.2,568.0,576.4,3288548,1856339904.15,1187.6,531.2,72399,INE860A01027,2020-03-06,2020-03-05T18:30:00.000Z,2020-03-06T12:00:32.944Z,2020-03-06T12:00:32.944Z,0,564.49,06-Mar-2020,
406,5e662ffe9fa524000822b737,HCLTECH,EQ,N,558.0,536.45,555.0,540.45,542.55,566.2,3699831,2009218670.1,1187.6,531.2,82357,INE860A01027,2020-03-09,2020-03-08T18:30:00.000Z,2020-03-09T12:01:02.770Z,2020-03-09T12:01:02.770Z,0,543.06,09-Mar-2020,
407,5e68d2dc5def9e000876bd75,HCLTECH,EQ,N,542.65,514.0,526.75,536.8,538.05,540.45,4850036,2588947282.4,1187.6,514.0,105339,INE860A01027,2020-03-11,2020-03-10T18:30:00.000Z,2020-03-11T12:00:28.125Z,2020-03-11T12:00:28.125Z,0,533.8,11-Mar-2020,
408,5e6a246327e7a10008ff152c,HCLTECH,EQ,N,527.8,486.35,521.0,493.35,494.0,536.8,5321420,2693243988.9,1187.6,486.35,161096,INE860A01027,2020-03-12,2020-03-11T18:30:00.000Z,2020-03-12T12:00:35.292Z,2020-03-12T12:00:35.292Z,0,506.11,12-Mar-2020,
409,5e6b75e02901d300081cf67c,HCLTECH,EQ,N,517.25,395.95,460.0,492.9,497.0,493.35,6859998,3290807920.4,1187.6,395.95,117288,INE860A01027,2020-03-13,2020-03-12T18:30:00.000Z,2020-03-13T12:00:32.916Z,2020-03-13T12:00:32.916Z,0,479.71,13-Mar-2020,
410,5e6f6a7f5de3ae0008ceb024,HCLTECH,EQ,N,479.8,446.85,469.0,450.7,453.25,492.9,5281596,2451413146.3,1187.6,395.95,126930,INE860A01027,2020-03-16,2020-03-15T18:30:00.000Z,2020-03-16T12:01:03.009Z,2020-03-16T12:01:03.009Z,0,464.14,16-Mar-2020,
411,5e70bbe1c32b4c00086b119c,HCLTECH,EQ,N,478.6,443.35,450.0,450.65,455.0,450.7,5148569,2365223532.45,1187.6,395.95,99381,INE860A01027,2020-03-17,2020-03-16T18:30:00.000Z,2020-03-17T12:00:33.516Z,2020-03-17T12:00:33.516Z,0,459.39,17-Mar-2020,
412,5e720d648a1f0f0008bf6df7,HCLTECH,EQ,N,464.8,429.05,455.0,434.25,437.0,450.65,4936460,2183860725.15,1187.6,395.95,123650,INE860A01027,2020-03-18,2020-03-17T18:30:00.000Z,2020-03-18T12:00:36.288Z,2020-03-18T12:00:36.288Z,0,442.39,18-Mar-2020,
413,5e735edd984da20008ffe634,HCLTECH,EQ,N,434.6,375.25,418.9,413.45,419.0,434.25,9270054,3828624864.05,1187.6,375.25,184203,INE860A01027,2020-03-19,2020-03-18T18:30:00.000Z,2020-03-19T12:00:29.675Z,2020-03-19T12:00:29.675Z,0,413.01,19-Mar-2020,
414,5e74b061f727ea0008e5aef4,HCLTECH,EQ,N,461.95,411.85,413.5,444.9,444.7,413.45,11916337,5265991518.6,1187.6,375.25,199014,INE860A01027,2020-03-20,2020-03-19T18:30:00.000Z,2020-03-20T12:00:33.312Z,2020-03-20T12:00:33.312Z,0,441.91,20-Mar-2020,
415,5e78a4e352ea370008a7b69c,HCLTECH,EQ,N,444.0,400.45,415.0,417.15,425.0,444.9,9525670,3960473954.45,1187.6,375.25,111898,INE860A01027,2020-03-23,2020-03-22T18:30:00.000Z,2020-03-23T12:00:35.257Z,2020-03-23T12:00:35.257Z,0,415.77,23-Mar-2020,
416,5e79f67ee7b7180008a9c448,HCLTECH,EQ,N,458.85,411.85,413.0,442.05,449.0,417.15,9915954,4385560836.55,1187.6,375.25,142298,INE860A01027,2020-03-24,2020-03-23T18:30:00.000Z,2020-03-24T12:01:02.376Z,2020-03-24T12:01:02.376Z,0,442.27,24-Mar-2020,
417,5e7b47feada1850008e44665,HCLTECH,EQ,N,468.0,417.75,432.0,457.6,436.0,442.05,11976272,5330864585.65,1187.6,375.25,109934,INE860A01027,2020-03-25,2020-03-24T18:30:00.000Z,2020-03-25T12:01:02.655Z,2020-03-25T12:01:02.655Z,0,445.12,25-Mar-2020,
418,5e7c997ed2f6610008810a56,HCLTECH,EQ,N,466.75,441.1,461.1,447.7,445.7,457.6,9504717,4290299456.1,1187.6,375.25,113214,INE860A01027,2020-03-26,2020-03-25T18:30:00.000Z,2020-03-26T12:01:02.670Z,2020-03-26T12:01:02.670Z,0,451.39,26-Mar-2020,
419,5e7deae22fba8e000887addb,HCLTECH,EQ,N,457.45,420.5,450.25,430.65,434.0,447.7,9151132,3946409120.55,1187.6,375.25,145850,INE860A01027,2020-03-27,2020-03-26T18:30:00.000Z,2020-03-27T12:00:34.424Z,2020-03-27T12:00:34.424Z,0,431.25,27-Mar-2020,
420,5e81dfbdba9bb000080b76b2,HCLTECH,EQ,N,438.65,410.0,410.0,419.0,424.0,430.65,6325701,2698581018.65,1187.6,375.25,114637,INE860A01027,2020-03-30,2020-03-29T18:30:00.000Z,2020-03-30T12:02:05.533Z,2020-03-30T12:02:05.533Z,0,426.61,30-Mar-2020,
421,5e8330fee0c06f00088f8360,HCLTECH,EQ,N,449.4,425.3,433.2,436.4,433.0,419.0,6381824,2802104922.9,1187.6,375.25,118664,INE860A01027,2020-03-31,2020-03-30T18:30:00.000Z,2020-03-31T12:01:02.576Z,2020-03-31T12:01:02.576Z,0,439.08,31-Mar-2020,
422,5e8482628ee8730008348cd1,HCLTECH,EQ,N,433.2,408.2,433.0,413.55,414.65,436.4,8136746,3431993954.75,1187.6,375.25,112951,INE860A01027,2020-04-01,2020-03-31T18:30:00.000Z,2020-04-01T12:00:34.333Z,2020-04-01T12:00:34.333Z,0,421.79,01-Apr-2020,
423,5e872563e4335f0008b35c70,HCLTECH,EQ,N,428.6,399.3,418.9,405.8,409.85,413.55,8166456,3393014502.0,1187.6,375.25,157013,INE860A01027,2020-04-03,2020-04-02T18:30:00.000Z,2020-04-03T12:00:35.053Z,2020-04-03T12:00:35.053Z,0,415.48,03-Apr-2020,
424,5e8c6b7e097b5b00085ac753,HCLTECH,EQ,N,457.95,425.0,425.0,451.15,456.0,405.8,5972948,2647166163.2,1187.6,375.25,120075,INE860A01027,2020-04-07,2020-04-06T18:30:00.000Z,2020-04-07T12:01:02.578Z,2020-04-07T12:01:02.578Z,0,443.19,07-Apr-2020,
425,5e25966082871b0008464fa3,HCLTECH,EQ,N,618.0,584.1,618.0,589.25,588.95,598.8,10272118,6110077607.6,1187.6,535.05,124801,INE860A01027,2020-01-20,2020-01-19T18:30:00.000Z,2020-01-20T12:00:32.658Z,2020-01-20T12:00:32.658Z,0,594.82,20-Jan-2020,
426,5e26e7e256a8090008139cb6,HCLTECH,EQ,N,593.25,582.35,589.3,584.05,582.75,589.25,2640668,1552159511.65,1187.6,535.05,74242,INE860A01027,2020-01-21,2020-01-20T18:30:00.000Z,2020-01-21T12:00:34.023Z,2020-01-21T12:00:34.023Z,0,587.79,21-Jan-2020,
427,5e28395c350bd900081886d5,HCLTECH,EQ,N,595.0,581.5,585.2,590.65,590.2,584.05,4402650,2603383754.65,1187.6,535.05,111318,INE860A01027,2020-01-22,2020-01-21T18:30:00.000Z,2020-01-22T12:00:28.047Z,2020-01-22T12:00:28.047Z,0,591.32,22-Jan-2020,
428,5e298ae023252f0008a1d20e,HCLTECH,EQ,N,599.95,587.0,590.1,598.95,598.0,590.65,6089397,3632609992.95,1187.6,535.05,97913,INE860A01027,2020-01-23,2020-01-22T18:30:00.000Z,2020-01-23T12:00:32.966Z,2020-01-23T12:00:32.966Z,0,596.55,23-Jan-2020,
429,5e2adc63ba04d60008ab1dcf,HCLTECH,EQ,N,609.0,595.5,599.0,607.7,607.4,598.95,3551260,2150553376.75,1187.6,535.05,79737,INE860A01027,2020-01-24,2020-01-23T18:30:00.000Z,2020-01-24T12:00:35.267Z,2020-01-24T12:00:35.267Z,0,605.57,24-Jan-2020,"[{'symbol': 'HCLTECH', 'series': 'EQ', 'ind': '-', 'faceVal': '2', 'subject': ' Interim Dividend - Rs 2 Per Share', 'exDate': '24-Jan-2020', 'recDate': '27-Jan-2020', 'bcStartDate': '-', 'bcEndDate': '-', 'ndStartDate': '-', 'comp': 'HCL Technologies Limited', 'isin': 'INE860A01027', 'ndEndDate': '-', 'caBroadcastDate': None}]"
430,5e2ed0ff3d641100085c024f,HCLTECH,EQ,N,608.0,601.75,607.7,604.35,605.55,607.7,2450421,1482591558.95,1187.6,535.05,34778,INE860A01027,2020-01-27,2020-01-26T18:30:00.000Z,2020-01-27T12:01:03.227Z,2020-01-27T12:01:03.227Z,0,605.04,27-Jan-2020,
431,5e30227fc65a7a0008f2550e,HCLTECH,EQ,N,607.35,592.6,607.3,601.45,602.85,604.35,5330709,3189957865.4,1187.6,535.05,122378,INE860A01027,2020-01-28,2020-01-27T18:30:00.000Z,2020-01-28T12:01:03.016Z,2020-01-28T12:01:03.016Z,0,598.41,28-Jan-2020,
432,5e3173ffbfc8c60008092bd8,HCLTECH,EQ,N,611.5,602.2,605.0,608.85,608.85,601.45,4281329,2605296082.35,1187.6,535.05,81339,INE860A01027,2020-01-29,2020-01-28T18:30:00.000Z,2020-01-29T12:01:03.142Z,2020-01-29T12:01:03.142Z,0,608.53,29-Jan-2020,
433,5e32c57e1e3869000861adaa,HCLTECH,EQ,N,613.85,603.65,612.0,607.85,607.9,608.85,3334901,2026594901.4,1187.6,535.05,99651,INE860A01027,2020-01-30,2020-01-29T18:30:00.000Z,2020-01-30T12:01:02.539Z,2020-01-30T12:01:02.539Z,0,607.69,30-Jan-2020,
434,5e3416e278f7fe0008260f90,HCLTECH,EQ,N,608.9,589.6,607.85,591.4,591.6,607.85,3590768,2136694876.85,1187.6,535.05,100805,INE860A01027,2020-01-31,2020-01-30T18:30:00.000Z,2020-01-31T12:00:34.148Z,2020-01-31T12:00:34.148Z,0,595.05,31-Jan-2020,
435,5e35687e293b5a00089d4779,HCLTECH,EQ,N,597.7,580.75,591.4,590.9,590.8,591.4,941425,555181526.4,1187.6,535.05,20264,INE860A01027,2020-02-01,2020-01-31T18:30:00.000Z,2020-02-01T12:01:02.844Z,2020-02-01T12:01:02.844Z,0,589.72,01-Feb-2020,
436,5e380b7e901a7e00088a0bc2,HCLTECH,EQ,N,593.65,577.5,591.4,579.1,579.85,590.9,4024193,2349921570.35,1187.6,535.05,105851,INE860A01027,2020-02-03,2020-02-02T18:30:00.000Z,2020-02-03T12:01:02.241Z,2020-02-03T12:01:02.241Z,0,583.95,03-Feb-2020,
437,5e395ce223642000087511c5,HCLTECH,EQ,N,589.25,582.5,583.0,586.5,587.8,579.1,3246094,1904422834.7,1187.6,535.05,70121,INE860A01027,2020-02-04,2020-02-03T18:30:00.000Z,2020-02-04T12:00:34.154Z,2020-02-04T12:00:34.154Z,0,586.68,04-Feb-2020,
438,5e3aae6084ff470008f85b86,HCLTECH,EQ,N,598.5,586.0,589.4,595.6,595.0,586.5,3006324,1786763873.75,1187.6,535.05,109513,INE860A01027,2020-02-05,2020-02-04T18:30:00.000Z,2020-02-05T12:00:32.205Z,2020-02-05T12:00:32.205Z,0,594.34,05-Feb-2020,
439,5e3bffe2f669df000874dc71,HCLTECH,EQ,N,613.0,598.0,598.95,599.7,601.0,595.6,4704968,2839896598.15,1187.6,535.05,81356,INE860A01027,2020-02-06,2020-02-05T18:30:00.000Z,2020-02-06T12:00:34.617Z,2020-02-06T12:00:34.617Z,0,603.6,06-Feb-2020,
440,5e3d51601163780008205220,HCLTECH,EQ,N,609.2,599.15,601.65,607.7,605.0,599.7,2865379,1733839280.5,1187.6,535.05,57503,INE860A01027,2020-02-07,2020-02-06T18:30:00.000Z,2020-02-07T12:00:32.220Z,2020-02-07T12:00:32.220Z,0,605.1,07-Feb-2020,
441,5e4145fe792b6d00083592d1,HCLTECH,EQ,N,611.55,601.65,608.9,604.9,603.0,607.7,2286213,1384767003.45,1187.6,535.05,34996,INE860A01027,2020-02-10,2020-02-09T18:30:00.000Z,2020-02-10T12:01:02.538Z,2020-02-10T12:01:02.538Z,0,605.7,10-Feb-2020,
442,5e42977eb371e50008f85623,HCLTECH,EQ,N,613.75,605.7,606.0,610.65,610.95,604.9,2458748,1501768180.25,1187.6,535.05,118909,INE860A01027,2020-02-11,2020-02-10T18:30:00.000Z,2020-02-11T12:01:02.914Z,2020-02-11T12:01:02.914Z,0,610.79,11-Feb-2020,
443,5e43e8ffffef84000809bb7b,HCLTECH,EQ,N,620.5,610.3,613.0,614.1,612.2,610.65,4873027,2996058413.8,1187.6,535.05,108142,INE860A01027,2020-02-12,2020-02-11T18:30:00.000Z,2020-02-12T12:01:03.131Z,2020-02-12T12:01:03.131Z,0,614.82,12-Feb-2020,
444,5e453a606a25560008635d05,HCLTECH,EQ,N,613.95,604.05,612.0,612.45,612.5,614.1,2090363,1271260965.45,1187.6,535.05,44088,INE860A01027,2020-02-13,2020-02-12T18:30:00.000Z,2020-02-13T12:00:32.415Z,2020-02-13T12:00:32.415Z,0,608.15,13-Feb-2020,
445,5e468bfee8dfc60008d8d441,HCLTECH,EQ,N,623.25,612.25,612.45,621.65,622.15,612.45,3650630,2262731807.85,1187.6,535.05,101590,INE860A01027,2020-02-14,2020-02-13T18:30:00.000Z,2020-02-14T12:01:02.494Z,2020-02-14T12:01:02.494Z,0,619.82,14-Feb-2020,
446,5e4a8064a9e763000816e9d5,HCLTECH,EQ,N,623.5,612.35,623.0,613.45,613.45,621.65,2190578,1348368545.8,1187.6,535.05,73941,INE860A01027,2020-02-17,2020-02-16T18:30:00.000Z,2020-02-17T12:00:36.529Z,2020-02-17T12:00:36.529Z,0,615.53,17-Feb-2020,
447,5e4bd1feba0d890008571030,HCLTECH,EQ,N,615.8,605.15,613.45,607.05,609.8,613.45,5237465,3184953678.3,1187.6,535.05,71859,INE860A01027,2020-02-18,2020-02-17T18:30:00.000Z,2020-02-18T12:01:02.102Z,2020-02-18T12:01:02.102Z,0,608.11,18-Feb-2020,
448,5e4d2364dce3890008feeab8,HCLTECH,EQ,N,618.25,604.0,614.45,605.75,604.45,607.05,3799862,2318282583.1,1187.6,535.05,73152,INE860A01027,2020-02-19,2020-02-18T18:30:00.000Z,2020-02-19T12:00:36.046Z,2020-02-19T12:00:36.046Z,0,610.1,19-Feb-2020,
449,5e4e74feae37a30008180051,HCLTECH,EQ,N,612.95,605.15,611.0,608.05,610.0,605.75,4820313,2932993838.55,1187.6,535.05,115488,INE860A01027,2020-02-20,2020-02-19T18:30:00.000Z,2020-02-20T12:01:02.735Z,2020-02-20T12:01:02.735Z,0,608.47,20-Feb-2020,
450,5e53bafe39d4590008a059bf,HCLTECH,EQ,N,609.0,591.5,608.0,595.15,592.15,608.05,4070143,2452203952.25,1187.6,535.05,105019,INE860A01027,2020-02-24,2020-02-23T18:30:00.000Z,2020-02-24T12:01:02.740Z,2020-02-24T12:01:02.740Z,0,602.49,24-Feb-2020,
451,5e550c614766bc00083dc458,HCLTECH,EQ,N,595.7,575.0,595.5,582.45,583.2,595.15,5525575,3216091090.5,1187.6,535.05,115367,INE860A01027,2020-02-25,2020-02-24T18:30:00.000Z,2020-02-25T12:00:33.146Z,2020-02-25T12:00:33.146Z,0,582.04,25-Feb-2020,
452,5e565de25a6517000885afff,HCLTECH,EQ,N,589.05,575.5,576.9,583.6,583.25,582.45,5460070,3182772786.15,1187.6,535.05,100228,INE860A01027,2020-02-26,2020-02-25T18:30:00.000Z,2020-02-26T12:00:34.564Z,2020-02-26T12:00:34.564Z,0,582.92,26-Feb-2020,
453,5e57af62a6a62e00087802fb,HCLTECH,EQ,N,582.4,568.0,582.1,573.05,571.0,583.6,4078174,2337341544.0,1187.6,535.05,97257,INE860A01027,2020-02-27,2020-02-26T18:30:00.000Z,2020-02-27T12:00:34.493Z,2020-02-27T12:00:34.493Z,0,573.13,27-Feb-2020,
454,5dee377f88cd7d0008bf19a6,HCLTECH,EQ,N,563.2,547.0,562.55,552.05,551.25,560.3,2192234,1210317817.15,1187.6,547.0,79767,INE860A01027,2019-12-09,2019-12-08T18:30:00.000Z,2019-12-09T12:01:03.138Z,2019-12-09T12:01:03.138Z,0,552.09,09-Dec-2019,
455,5def88fee7000d0008c6de58,HCLTECH,EQ,N,554.9,541.8,552.05,544.45,544.5,552.05,1628853,887288922.1,1187.6,541.8,48635,INE860A01027,2019-12-10,2019-12-09T18:30:00.000Z,2019-12-10T12:01:02.651Z,2019-12-10T12:01:02.651Z,0,544.73,10-Dec-2019,
456,5df0da7f173f8f0008c576c4,HCLTECH,EQ,N,549.9,539.45,545.0,543.8,545.0,544.45,2387958,1301731579.75,1187.6,539.45,54141,INE860A01027,2019-12-11,2019-12-10T18:30:00.000Z,2019-12-11T12:01:03.051Z,2019-12-11T12:01:03.051Z,0,545.12,11-Dec-2019,
457,5df22bfe68de3f00088eac4f,HCLTECH,EQ,N,547.8,535.05,547.3,536.35,536.0,543.8,2061911,1111727746.05,1187.6,535.05,57123,INE860A01027,2019-12-12,2019-12-11T18:30:00.000Z,2019-12-12T12:01:02.296Z,2019-12-12T12:01:02.296Z,0,539.17,12-Dec-2019,
458,5df37d7e95c8b10009441494,HCLTECH,EQ,N,545.0,536.8,538.0,543.15,544.5,536.35,2889796,1562986786.3,1187.6,535.05,56876,INE860A01027,2019-12-13,2019-12-12T18:30:00.000Z,2019-12-13T12:01:02.528Z,2019-12-13T12:01:02.528Z,0,540.86,13-Dec-2019,
459,5df771fe673a0c0008d2cf8e,HCLTECH,EQ,N,554.95,545.05,546.0,552.2,552.15,543.15,4590144,2531427405.55,1187.6,535.05,88454,INE860A01027,2019-12-16,2019-12-15T18:30:00.000Z,2019-12-16T12:01:02.828Z,2019-12-16T12:01:02.828Z,0,551.49,16-Dec-2019,
460,5df8c37e68de3f00088eb683,HCLTECH,EQ,N,559.0,552.5,555.5,557.75,558.7,552.2,3852266,2141753097.55,1187.6,535.05,70229,INE860A01027,2019-12-17,2019-12-16T18:30:00.000Z,2019-12-17T12:01:02.696Z,2019-12-17T12:01:02.696Z,0,555.97,17-Dec-2019,
461,5dfa14febda4b900080cb9c3,HCLTECH,EQ,N,566.95,559.0,560.0,564.7,565.45,557.75,4618387,2599886458.95,1187.6,535.05,71520,INE860A01027,2019-12-18,2019-12-17T18:30:00.000Z,2019-12-18T12:01:02.513Z,2019-12-18T12:01:02.513Z,0,562.94,18-Dec-2019,
462,5dfb66629bc9a50008f1d9d1,HCLTECH,EQ,N,574.0,564.75,565.5,569.5,569.55,564.7,3465644,1972852141.45,1187.6,535.05,87034,INE860A01027,2019-12-19,2019-12-18T18:30:00.000Z,2019-12-19T12:00:34.871Z,2019-12-19T12:00:34.871Z,0,569.26,19-Dec-2019,
463,5dfcb7e20d56510008644f5d,HCLTECH,EQ,N,573.75,565.5,573.5,569.9,570.0,569.5,3135806,1786380355.85,1187.6,535.05,63110,INE860A01027,2019-12-20,2019-12-19T18:30:00.000Z,2019-12-20T12:00:34.327Z,2019-12-20T12:00:34.327Z,0,569.67,20-Dec-2019,
464,5e00ac7efe98840008e7d544,HCLTECH,EQ,N,575.55,566.55,567.5,570.95,570.0,569.9,1591463,909200256.1,1187.6,535.05,45818,INE860A01027,2019-12-23,2019-12-22T18:30:00.000Z,2019-12-23T12:01:02.751Z,2019-12-23T12:01:02.751Z,0,571.3,23-Dec-2019,
465,5e01fdfe3538520008107b02,HCLTECH,EQ,N,572.65,559.3,572.0,560.55,561.0,570.95,2354963,1321847185.35,1187.6,535.05,35192,INE860A01027,2019-12-24,2019-12-23T18:30:00.000Z,2019-12-24T12:01:02.223Z,2019-12-24T12:01:02.223Z,0,561.3,24-Dec-2019,
466,5e04a35616f1bb0008a8abd6,HCLTECH,EQ,N,565.0,559.55,561.65,560.5,560.6,560.55,1848547,1038825505.8,1187.6,535.05,43071,INE860A01027,2019-12-26,2019-12-25T18:30:00.000Z,2019-12-26T12:11:02.477Z,2019-12-26T12:11:02.477Z,0,561.97,26-Dec-2019,
467,5e05f262f1221d0008ea5fe8,HCLTECH,EQ,N,569.0,557.0,562.95,567.55,566.5,560.5,2786795,1568330379.4,1187.6,535.05,68529,INE860A01027,2019-12-27,2019-12-26T18:30:00.000Z,2019-12-27T12:00:34.998Z,2019-12-27T12:00:34.998Z,0,562.77,27-Dec-2019,
468,5e09e6e2853e8f0008de2637,HCLTECH,EQ,N,577.5,564.25,567.0,569.3,569.8,567.55,1800754,1028582296.7,1187.6,535.05,40239,INE860A01027,2019-12-30,2019-12-29T18:30:00.000Z,2019-12-30T12:00:34.159Z,2019-12-30T12:00:34.159Z,0,571.2,30-Dec-2019,
469,5e0b385d5c67aa00084af364,HCLTECH,EQ,N,571.5,565.05,569.1,568.1,569.0,569.3,1838808,1045684086.85,1187.6,535.05,62191,INE860A01027,2019-12-31,2019-12-30T18:30:00.000Z,2019-12-31T12:00:29.714Z,2019-12-31T12:00:29.714Z,0,568.67,31-Dec-2019,
470,5e0c89fe7eca93000835cd27,HCLTECH,EQ,N,572.9,566.85,569.4,571.95,571.1,568.1,918373,523918302.05,1187.6,535.05,17539,INE860A01027,2020-01-01,2019-12-31T18:30:00.000Z,2020-01-01T12:01:02.577Z,2020-01-01T12:01:02.577Z,0,570.49,01-Jan-2020,
471,5e0ddb7ea604190008fe61dd,HCLTECH,EQ,N,575.0,570.5,572.55,573.55,574.0,571.95,1075642,616604442.2,1187.6,535.05,52734,INE860A01027,2020-01-02,2020-01-01T18:30:00.000Z,2020-01-02T12:01:02.977Z,2020-01-02T12:01:02.977Z,0,573.24,02-Jan-2020,
472,5e0f2ce0bb6d660008439c40,HCLTECH,EQ,N,588.5,572.85,574.0,585.05,582.0,573.55,3269446,1909826833.0,1187.6,535.05,77707,INE860A01027,2020-01-03,2020-01-02T18:30:00.000Z,2020-01-03T12:00:32.822Z,2020-01-03T12:00:32.822Z,0,584.14,03-Jan-2020,
473,5e132160ab77820008ef0e69,HCLTECH,EQ,N,592.2,579.45,585.0,582.0,581.9,585.05,3589985,2097334940.2,1187.6,535.05,60726,INE860A01027,2020-01-06,2020-01-05T18:30:00.000Z,2020-01-06T12:00:32.961Z,2020-01-06T12:00:32.961Z,0,584.22,06-Jan-2020,
474,5e1472e209e5d5000818efeb,HCLTECH,EQ,N,587.75,579.05,582.0,584.25,583.9,582.0,3179728,1858421839.65,1187.6,535.05,90166,INE860A01027,2020-01-07,2020-01-06T18:30:00.000Z,2020-01-07T12:00:34.907Z,2020-01-07T12:00:34.907Z,0,584.46,07-Jan-2020,
475,5e15c47ea590060008578364,HCLTECH,EQ,N,593.0,578.0,583.0,585.75,585.0,584.25,3593096,2109768987.9,1187.6,535.05,100124,INE860A01027,2020-01-08,2020-01-07T18:30:00.000Z,2020-01-08T12:01:02.917Z,2020-01-08T12:01:02.917Z,0,587.17,08-Jan-2020,
476,5e1715e058fadb000853aed1,HCLTECH,EQ,N,588.15,579.25,586.0,580.3,580.95,585.75,2313648,1346525671.95,1187.6,535.05,55170,INE860A01027,2020-01-09,2020-01-08T18:30:00.000Z,2020-01-09T12:00:32.104Z,2020-01-09T12:00:32.104Z,0,581.99,09-Jan-2020,
477,5e18677e8ce1e80008628caa,HCLTECH,EQ,N,589.8,577.4,582.0,580.35,580.4,580.3,2049636,1195316777.85,1187.6,535.05,77150,INE860A01027,2020-01-10,2020-01-09T18:30:00.000Z,2020-01-10T12:01:02.871Z,2020-01-10T12:01:02.871Z,0,583.18,10-Jan-2020,
478,5e1c5be11810e200086e0bcf,HCLTECH,EQ,N,590.0,581.0,583.95,586.5,587.0,580.35,4096054,2395926901.9,1187.6,535.05,88858,INE860A01027,2020-01-13,2020-01-12T18:30:00.000Z,2020-01-13T12:00:33.074Z,2020-01-13T12:00:33.074Z,0,584.94,13-Jan-2020,
479,5e1dad7edcdcd40008fc0720,HCLTECH,EQ,N,597.4,587.15,587.2,594.3,594.0,586.5,3395378,2011260219.45,1187.6,535.05,100342,INE860A01027,2020-01-14,2020-01-13T18:30:00.000Z,2020-01-14T12:01:02.791Z,2020-01-14T12:01:02.791Z,0,592.35,14-Jan-2020,
480,5e1efee323a9bc00085db0c3,HCLTECH,EQ,N,598.3,591.7,597.0,595.75,595.0,594.3,2348102,1397101271.6,1187.6,535.05,47737,INE860A01027,2020-01-15,2020-01-14T18:30:00.000Z,2020-01-15T12:00:35.116Z,2020-01-15T12:00:35.116Z,0,594.99,15-Jan-2020,
481,5e20507ea4665300085b8eda,HCLTECH,EQ,N,598.3,586.75,597.0,593.25,594.65,595.75,2107442,1250064106.35,1187.6,535.05,58134,INE860A01027,2020-01-16,2020-01-15T18:30:00.000Z,2020-01-16T12:01:02.583Z,2020-01-16T12:01:02.583Z,0,593.17,16-Jan-2020,
482,5e21a1e036099d0008e3d193,HCLTECH,EQ,N,602.0,585.0,585.0,598.8,600.5,593.25,4555694,2709100492.25,1187.6,535.05,69220,INE860A01027,2020-01-17,2020-01-16T18:30:00.000Z,2020-01-17T12:00:32.574Z,2020-01-17T12:00:32.574Z,0,594.66,17-Jan-2020,
483,5db97b7ea6d3830008cac827,HCLTECH,EQ,N,1150.0,1138.2,1150.0,1146.75,1143.15,1139.75,1220876,1396993622.55,1187.6,920.0,75967,INE860A01027,2019-10-30,2019-10-29T18:30:00.000Z,2019-10-30T12:01:02.823Z,2019-10-30T12:01:02.823Z,0,1144.26,30-Oct-2019,
484,5dbaccff865268000831c326,HCLTECH,EQ,N,1170.0,1138.55,1145.75,1162.75,1156.0,1146.75,2924499,3380475802.25,1187.6,920.0,104535,INE860A01027,2019-10-31,2019-10-30T18:30:00.000Z,2019-10-31T12:01:03.696Z,2019-10-31T12:01:03.696Z,0,1155.92,31-Oct-2019,"[{'symbol': 'HCLTECH', 'series': 'EQ', 'ind': '-', 'faceVal': '2', 'subject': ' Interim Dividend - Rs 2 Per Sh', 'exDate': '31-Oct-2019', 'recDate': '01-Nov-2019', 'bcStartDate': '-', 'bcEndDate': '-', 'ndStartDate': '-', 'comp': 'HCL Technologies Limited', 'isin': 'INE860A01027', 'ndEndDate': '-', 'caBroadcastDate': None}]"
485,5dbc1e7e2febd800088c4dc8,HCLTECH,EQ,N,1167.0,1143.4,1158.9,1152.0,1152.05,1162.75,1065855,1227391292.6,1187.6,920.0,55936,INE860A01027,2019-11-01,2019-10-31T18:30:00.000Z,2019-11-01T12:01:02.683Z,2019-11-01T12:01:02.683Z,0,1151.56,01-Nov-2019,
486,5dc012fe15a63000085246a5,HCLTECH,EQ,N,1166.3,1152.05,1160.05,1155.9,1153.7,1152.0,1511084,1751649932.25,1187.6,920.0,109548,INE860A01027,2019-11-04,2019-11-03T18:30:00.000Z,2019-11-04T12:01:03.009Z,2019-11-04T12:01:03.009Z,0,1159.2,04-Nov-2019,
487,5dc1647fc2584d0008e74c53,HCLTECH,EQ,N,1160.6,1143.35,1156.1,1158.7,1157.0,1155.9,1439050,1660003836.0,1187.6,920.0,67214,INE860A01027,2019-11-05,2019-11-04T18:30:00.000Z,2019-11-05T12:01:03.110Z,2019-11-05T12:01:03.110Z,0,1153.54,05-Nov-2019,
488,5dc2b5fe1e6b7b0008938b85,HCLTECH,EQ,N,1160.05,1141.2,1160.0,1148.35,1148.55,1158.7,2288329,2625482771.7,1187.6,920.0,81020,INE860A01027,2019-11-06,2019-11-05T18:30:00.000Z,2019-11-06T12:01:02.723Z,2019-11-06T12:01:02.723Z,0,1147.34,06-Nov-2019,
489,5dc4077f149abc00089a2aa3,HCLTECH,EQ,N,1154.2,1136.1,1149.0,1148.45,1149.0,1148.35,1269319,1454554014.15,1187.6,920.0,50615,INE860A01027,2019-11-07,2019-11-06T18:30:00.000Z,2019-11-07T12:01:03.094Z,2019-11-07T12:01:03.094Z,0,1145.93,07-Nov-2019,
490,5dc558ff149abc00089a3401,HCLTECH,EQ,N,1164.4,1146.1,1148.35,1150.1,1148.8,1148.45,2013290,2322086091.55,1187.6,920.0,40596,INE860A01027,2019-11-08,2019-11-07T18:30:00.000Z,2019-11-08T12:01:03.196Z,2019-11-08T12:01:03.196Z,0,1153.38,08-Nov-2019,
491,5dc94d7ef947870008360394,HCLTECH,EQ,N,1153.7,1130.2,1150.0,1145.95,1145.95,1150.1,953320,1086056194.05,1187.6,920.0,42428,INE860A01027,2019-11-11,2019-11-10T18:30:00.000Z,2019-11-11T12:01:02.920Z,2019-11-11T12:01:02.920Z,0,1139.24,11-Nov-2019,
492,5dcbf07e09bcd50008068fc0,HCLTECH,EQ,N,1156.1,1134.7,1150.0,1138.6,1142.9,1145.95,1689175,1936772146.05,1187.6,920.0,48195,INE860A01027,2019-11-13,2019-11-12T18:30:00.000Z,2019-11-13T12:01:02.205Z,2019-11-13T12:01:02.205Z,0,1146.58,13-Nov-2019,
493,5dcd41fe149abc00089a3ec9,HCLTECH,EQ,N,1157.4,1135.1,1141.5,1147.8,1149.0,1138.6,1270462,1457522117.3,1187.6,920.0,67142,INE860A01027,2019-11-14,2019-11-13T18:30:00.000Z,2019-11-14T12:01:02.992Z,2019-11-14T12:01:02.992Z,0,1147.24,14-Nov-2019,
494,5dce937ec788bb000842ada7,HCLTECH,EQ,N,1159.8,1140.0,1150.95,1142.3,1143.15,1147.8,1530856,1759963279.6,1187.6,920.0,39519,INE860A01027,2019-11-15,2019-11-14T18:30:00.000Z,2019-11-15T12:01:02.804Z,2019-11-15T12:01:02.804Z,0,1149.66,15-Nov-2019,
495,5dd287e12711c60008ee22ec,HCLTECH,EQ,N,1149.7,1138.8,1148.0,1141.1,1140.5,1142.3,1242157,1421301716.7,1187.6,920.0,40156,INE860A01027,2019-11-18,2019-11-17T18:30:00.000Z,2019-11-18T12:00:33.289Z,2019-11-18T12:00:33.289Z,0,1144.22,18-Nov-2019,
496,5dd3d9613cf4f80008a02616,HCLTECH,EQ,N,1143.5,1128.65,1139.0,1134.65,1133.9,1141.1,1182510,1342063644.0,1187.6,920.0,77856,INE860A01027,2019-11-19,2019-11-18T18:30:00.000Z,2019-11-19T12:00:33.115Z,2019-11-19T12:00:33.115Z,0,1134.93,19-Nov-2019,
497,5dd52ae176ea300008cbe063,HCLTECH,EQ,N,1137.7,1125.5,1135.0,1132.8,1132.2,1134.65,1112518,1259249505.4,1187.6,920.0,42930,INE860A01027,2019-11-20,2019-11-19T18:30:00.000Z,2019-11-20T12:00:33.063Z,2019-11-20T12:00:33.063Z,0,1131.89,20-Nov-2019,
498,5dd67c7eaed06f00082c5583,HCLTECH,EQ,N,1148.5,1131.55,1138.6,1136.6,1135.5,1132.8,1938092,2208111035.6,1187.6,920.0,94771,INE860A01027,2019-11-21,2019-11-20T18:30:00.000Z,2019-11-21T12:01:02.440Z,2019-11-21T12:01:02.440Z,0,1139.32,21-Nov-2019,
499,5dd7cde0e393f400086fc3eb,HCLTECH,EQ,N,1134.95,1108.95,1130.45,1114.75,1117.5,1136.6,1298964,1448296807.55,1187.6,920.0,44429,INE860A01027,2019-11-22,2019-11-21T18:30:00.000Z,2019-11-22T12:00:32.484Z,2019-11-22T12:00:32.484Z,0,1114.96,22-Nov-2019,
500,5ddbc27e5b5f1e0008a2af43,HCLTECH,EQ,N,1126.1,1106.05,1117.0,1124.75,1125.0,1114.75,846601,944177400.95,1187.6,920.0,28998,INE860A01027,2019-11-25,2019-11-24T18:30:00.000Z,2019-11-25T12:01:02.838Z,2019-11-25T12:01:02.838Z,0,1115.26,25-Nov-2019,
501,5ddd13feca03a80009b75af0,HCLTECH,EQ,N,1134.5,1098.45,1126.5,1108.05,1109.75,1124.75,3229962,3601508869.65,1187.6,920.0,92295,INE860A01027,2019-11-26,2019-11-25T18:30:00.000Z,2019-11-26T12:01:02.971Z,2019-11-26T12:01:02.971Z,0,1115.03,26-Nov-2019,
502,5dde657e640e900008bf99e0,HCLTECH,EQ,N,1134.4,1109.0,1109.0,1128.25,1123.7,1108.05,1677156,1885963778.1,1187.6,920.0,48391,INE860A01027,2019-11-27,2019-11-26T18:30:00.000Z,2019-11-27T12:01:02.534Z,2019-11-27T12:01:02.534Z,0,1124.5,27-Nov-2019,
503,5ddfb6feb2beec0008e34df2,HCLTECH,EQ,N,1143.4,1125.5,1139.0,1132.65,1134.0,1128.25,1206558,1368316978.4,1187.6,920.0,37217,INE860A01027,2019-11-28,2019-11-27T18:30:00.000Z,2019-11-28T12:01:02.888Z,2019-11-28T12:01:02.888Z,0,1134.07,28-Nov-2019,
504,5de108604c2b410008804404,HCLTECH,EQ,N,1136.85,1125.1,1136.0,1127.65,1127.5,1132.65,1193851,1348769175.55,1187.6,920.0,39262,INE860A01027,2019-11-29,2019-11-28T18:30:00.000Z,2019-11-29T12:00:32.839Z,2019-11-29T12:00:32.839Z,0,1129.76,29-Nov-2019,
505,5de4fcfe06ab9800083783ed,HCLTECH,EQ,N,1139.0,1123.5,1139.0,1125.3,1124.9,1127.65,1497958,1688765769.75,1187.6,920.0,51664,INE860A01027,2019-12-02,2019-12-01T18:30:00.000Z,2019-12-02T12:01:02.924Z,2019-12-02T12:01:02.924Z,0,1127.38,02-Dec-2019,
506,5dfb2a97999fe80008e7ea0d,HCLTECH,EQ,N,1131.0,1121.0,1129.95,1124.55,1124.6,1125.3,1783831,2006442462.45,1187.6,920.0,46112,INE860A01027,2019-12-03,2019-12-02T18:30:00.000Z,2019-12-19T07:45:27.931Z,2019-12-19T07:45:27.931Z,0,1124.79,03-Dec-2019,
507,5de79ffe640e900008bfd00f,HCLTECH,EQ,N,1130.0,1116.45,1127.0,1125.5,1125.0,1124.55,2951568,3321199480.1,1187.6,920.0,86556,INE860A01027,2019-12-04,2019-12-03T18:30:00.000Z,2019-12-04T12:01:02.297Z,2019-12-04T12:01:02.297Z,0,1125.23,04-Dec-2019,
508,5de8f16093ae890008a4a655,HCLTECH,EQ,N,567.65,557.15,563.8,560.9,561.35,1125.5,2683884,1510147684.4,1187.6,557.15,69700,INE860A01027,2019-12-05,2019-12-04T18:30:00.000Z,2019-12-05T12:00:32.955Z,2019-12-05T12:00:32.955Z,0,562.67,05-Dec-2019,"[{'symbol': 'HCLTECH', 'series': 'EQ', 'ind': '-', 'faceVal': '2', 'subject': ' Bonus 1:1', 'exDate': '05-Dec-2019', 'recDate': '07-Dec-2019', 'bcStartDate': '-', 'bcEndDate': '-', 'ndStartDate': '-', 'comp': 'HCL Technologies Limited', 'isin': 'INE860A01027', 'ndEndDate': '-', 'caBroadcastDate': None}]"
509,5dea42fe643d80000872c501,HCLTECH,EQ,N,567.05,558.65,563.9,560.3,560.0,560.9,1659752,934028296.4,1187.6,557.15,35003,INE860A01027,2019-12-06,2019-12-05T18:30:00.000Z,2019-12-06T12:01:02.883Z,2019-12-06T12:01:02.883Z,0,562.75,06-Dec-2019,
510,5dee377f88cd7d0008bf19a6,HCLTECH,EQ,N,563.2,547.0,562.55,552.05,551.25,560.3,2192234,1210317817.15,1187.6,547.0,79767,INE860A01027,2019-12-09,2019-12-08T18:30:00.000Z,2019-12-09T12:01:03.138Z,2019-12-09T12:01:03.138Z,0,552.09,09-Dec-2019,
